0000: 72 AE 34 5D 08 00 00 00 00 00 00 00 00 00 00 00
0010: 7F E1 02 56 01 00 00 00 00 00 90 00 51 00 00 56
0020: 7F 06 01 FF 00 00 00 00 00 02 5F 89 F9 92 00 08
0030: A9 D3 00 00 00 00 00 00 00 00 00 00 00 00 00 00
0040: 00 01 00 02 00 00 00 00 04 80 80 80 80 80 80 80
0050: 02 13 00 00 00 00 00 00 00 00 00 00 00 00 00 00
0060: 00 00 02 01 00 00 00 00 00 08 04 00 00 00 00 00
0070: 00 00 00 00 00 00 00 00 00 00 00 80 80 00 00 00
0080: 00 00 00 00 25 55 00 80 00 00 55 00 00 00 00 00
0090: 00 00 00 00 00 00 00 00 00 00 00 00 00 00 00 30
00A0: 30 00 00 00 00 00 00 00 01 01 01 01 01 01 01 00
00B0: 00 00 00 00 00 00 00 00 00 00 00 00 00 00 00 00
00C0: 00 00 00 00 00 00 00 00 00 00 00 00 2F 30 00 00
00D0: 00 00 00 00 02 01 00 00 00 00 00 00 00 00 00 00
00E0: 00 00 00 00 00 00 00 9C 00 00 00 00 00 00 00 00
00F0: FF 00 00 00 00 00 00 18 8C 00 00 07 03 FF FF 00
0100: C0 50 00 00 FF FF FF 00 00 00 00 01 FF FF FF FF
0110: 00 00 00 00 FF FF FF FF 00 00 00 00 FF FF FF FF
0120: 00 00 00 00 FF FF FF FF 00 00 00 00 FF FF FF FF
0130: 00 00 00 00 FF FF FF FF 00 00 00 00 FF FF FF FF
0140: 00 00 00 00 FF FF FF FF 00 00 00 00 FF FF FF FF
0150: 00 00 00 00 FF FF FF FF 00 00 00 00 FF FF FF FF
0160: 00 00 8C 00 DC 01 40 4E ED 06 07 0D 00 00 2F 23
0170: EB 00 05 3E C3 06 E4 80 00 00 14 3F 3E 0D BF 0F
0180: 00 00 00 00 00 00 00 00 00 00 00 00 00 00 00 00
0190: 00 00 00 00 00 00 00 55 00 00 00 00 00 00 00 00
01A0: 00 00 00 00 00 00 00 00 00 00 00 00 00 00 00 00
01B0: 00 00 00 00 00 00 00 00 00 00 00 00 00 00 00 00
01C0: 00 80 00 00 00 00 00 00 00 00 00 00 00 00 00 00
01D0: 00 00 00 00 82 78 82 83 00 3F 83 68 82 29 15 88
01E0: 04 00 8B 87 F0 53 EE 02 FF 01 D7 ED 07 03 FF FF
01F0: 01 A0 F3 B8 59 C3 04 49 CD 7A BE 7D C3 06 F9 EE
0200: F0 FE 02 68 F0 00 00 00 F0 00 00 00 F0 00 00 00
0210: F0 00 00 00 F0 00 00 00 F0 00 00 00 F0 00 00 00
0220: F0 00 00 00 F0 00 00 00 F0 00 00 00 F0 00 00 00
0230: F0 00 00 00 F0 00 00 00 F0 00 00 00 F0 00 00 00
0240: F0 00 00 00 F0 00 00 00 F0 00 00 00 F0 00 00 00
0250: F0 00 00 00 F0 00 00 00 F0 00 00 00 F0 00 00 00
0260: F0 00 00 00 F0 00 00 00 F0 00 00 00 F0 00 00 00
0270: F0 00 00 00 F0 00 00 00 F0 00 00 00 F0 00 00 00
0280: F0 00 00 00 F0 00 00 00 F0 00 00 00 F0 00 00 00
0290: F0 00 00 00 F0 00 00 00 F0 00 00 00 F0 00 00 00
02A0: F0 00 00 00 F0 00 00 00 F0 00 00 00 F0 00 00 00
02B0: F0 00 00 00 F0 00 00 00 F0 00 00 00 F0 DD 01 EC
02C0: 7F E1 02 57 77 D1 02 56 6F C3 00 56 87 E3 02 56
02D0: 87 E2 02 4E 7F E0 02 4F 77 D0 02 4E 6F C2 00 4E
02E0: 88 F1 00 26 88 F0 00 1E 80 E1 00 27 80 E0 00 1F
02F0: 78 D1 00 26 78 D0 00 1E 70 C1 00 26 70 C0 00 1E
0300: 00 00 00 00 00 00 00 00 00 00 00 00 00 00 00 00
0310: 00 00 00 00 00 00 00 00 00 00 00 00 00 40 40 00
0320: 00 00 00 00 00 FF FF 00 00 00 00 00 00 00 00 00
0330: 00 00 00 00 00 00 00 00 00 00 00 00 00 00 00 00
0340: 00 00 00 00 00 00 00 00 00 00 00 00 00 00 00 00
0350: 00 00 00 00 00 00 00 00 00 00 00 00 00 00 00 00
0360: 00 00 00 00 00 00 00 00 00 00 00 00 00 00 00 00
0370: 00 00 00 00 00 00 00 00 00 00 00 00 00 00 00 00
0380: 00 00 00 00 00 00 00 00 00 00 00 00 00 00 00 00
0390: 00 00 00 00 00 00 00 00 00 00 00 00 00 00 00 00
03A0: 00 00 00 00 00 00 00 00 00 00 00 00 00 00 00 00
03B0: 00 00 00 00 00 00 00 00 00 00 00 00 00 00 00 00
03C0: 00 00 00 00 00 00 00 00 00 00 00 00 00 00 00 00
03D0: 00 00 00 00 00 00 00 00 00 00 00 00 00 00 00 00
03E0: 00 00 00 00 00 00 00 00 00 00 00 00 00 00 00 00
03F0: 00 00 00 00 00 00 00 00 00 00 00 00 00 00 00 00
0400: 00 00 00 00 00 00 00 00 00 00 00 00 00 00 00 00
0410: 00 00 00 00 00 00 00 00 00 00 00 00 00 00 00 00
0420: 00 00 00 00 00 00 00 00 00 00 00 00 00 00 00 00
0430: 00 00 00 00 00 00 00 00 00 00 00 00 00 00 00 00
0440: 00 00 00 00 00 00 00 00 00 00 00 00 00 00 00 00
0450: 00 00 00 00 00 00 00 00 00 00 00 00 00 00 00 00
0460: 00 00 00 00 00 00 00 00 00 00 00 00 00 00 00 00
0470: 00 00 00 00 00 00 00 00 00 00 00 00 00 00 00 00
0480: 00 00 00 00 00 00 00 00 00 00 00 00 00 00 00 00
0490: 00 00 00 00 00 00 00 00 00 00 00 00 00 00 00 00
04A0: 00 00 00 00 00 00 00 00 00 00 00 00 00 00 00 00
04B0: 00 00 00 00 00 00 00 00 00 00 00 00 00 00 00 00
04C0: 00 00 00 00 00 00 00 00 00 00 00 00 00 00 00 00
04D0: 00 00 00 00 00 00 00 00 00 00 00 00 00 00 00 00
04E0: 00 00 00 00 00 00 00 00 00 00 00 00 00 00 00 00
04F0: 00 02 15 FF FF 00 00 00 00 00 30 31 32 33 00 00
0500: 00 00 00 02 00 00 01 00 BC 00 00 00 00 00 00 00
0510: 00 00 00 00 00 00 00 00 00 00 00 00 00 00 00 00
0520: 00 00 00 00 00 60 01 00 00 00 00 00 00 00 00 00
0530: 00 00 00 00 00 00 00 00 00 00 00 00 00 00 00 00
0540: 00 00 00 00 00 00 00 00 00 00 00 00 00 00 00 00
0550: 00 00 00 00 00 00 00 00 00 00 00 00 00 00 00 00
0560: 00 00 00 00 00 00 00 00 00 00 00 00 00 00 00 00
0570: 00 00 00 00 00 00 00 00 00 00 00 00 00 00 00 00
0580: 00 00 00 00 00 00 00 00 00 00 00 01 00 00 00 00
0590: 00 00 00 00 00 00 00 00 00 00 00 00 00 00 00 00
05A0: 00 00 00 00 00 00 00 00 00 00 00 00 00 00 00 00
05B0: 00 00 00 00 00 00 00 00 04 05 06 02 03 01 00 00
05C0: 00 00 00 00 00 00 00 00 00 00 00 00 00 00 00 00
05D0: FF 00 00 00 00 00 00 00 00 00 00 00 00 00 00 00
05E0: 00 00 00 00 00 00 00 00 00 00 00 00 00 00 00 00
05F0: 00 00 00 00 00 00 00 00 00 00 00 00 00 00 00 00
0600: 00 00 00 00 00 00 00 00 00 00 00 00 00 00 00 00
0610: 00 00 00 00 00 00 00 00 00 00 00 00 00 00 00 00
0620: 00 00 00 00 00 00 00 00 00 00 00 00 00 00 00 00
0630: 00 00 00 00 00 00 00 00 00 00 00 00 00 00 00 00
0640: 00 00 00 00 00 00 00 00 00 00 00 00 00 00 00 00
0650: 00 00 00 00 00 00 00 00 00 00 00 00 00 00 00 00
0660: 00 00 00 00 00 00 00 00 00 00 00 00 00 00 00 02
0670: 00 00 00 00 00 00 00 00 00 00 00 00 00 00 00 00
0680: 00 00 00 00 00 00 00 00 00 00 00 00 00 00 00 00
0690: 00 00 00 00 00 00 00 00 FF 00 00 00 00 00 00 00
06A0: 00 00 00 00 00 00 00 00 00 00 00 00 00 00 00 00
06B0: 00 00 00 00 00 00 00 00 00 00 00 00 00 00 00 00
06C0: 00 00 00 00 00 00 00 00 00 00 00 00 00 00 00 00
06D0: 00 00 00 00 00 00 00 00 00 00 00 00 00 00 00 00
06E0: 00 00 00 00 00 00 00 00 00 00 00 00 00 00 00 00
06F0: 00 00 00 00 00 00 00 00 00 00 00 00 00 00 00 00
0700: 82 FF 13 13 00 00 00 4D 54 00 00 00 2F 00 00 00
0710: 00 88 00 00 00 00 00 91 91 81 01 00 00 00 81 00
0720: 15 9E 1C 7B 00 EB 00 84 00 B9 B9 BA B8 00 AE 00
0730: AF 00 03 06 06 03 00 00 00 02 00 20 24 2B 00 00
0740: 51 00 43 00 00 00 00 00 00 00 00 00 00 5C 40 00
0750: 5C 00 78 00 7F 00 00 00 00 00 00 00 00 00 00 00
0760: 00 00 00 00 00 00 00 00 A7 41 C5 4D 00 00 00 00
0770: 00 B8 B9 B9 B8 00 00 00 00 00 00 00 00 00 00 00
0780: 00 00 00 80 80 80 00 00 5D 00 5D 00 03 06 06 03
0790: 00 00 00 0A 02 04 04 01 02 04 04 00 00 00 00 00
07A0: FA BE C8 00 F4 00 0C 00 64 64 72 72 AE AE 03 03
07B0: 07 07 00 00 00 14 1E 1E 28 28 00 27 27 00 78 78
07C0: 96 92 AE F4 08 44 01 B3 08 01 01 81 00 AC 00 00
07D0: 00 00 00 00 00 00 00 BA 08 04 03 80 00 00 00 3B
07E0: 00 43 00 8D 00 40 60 00 00 00 00 00 00 00 00 00
07F0: 00 00 00 00 00 00 00 00 00 00 00 00 00 00 00 00
