6000: 00 00 00 00 00 00 00 00 00 00 00 00 00 00 00 00
6010: 00 00 00 00 00 00 00 00 00 00 00 00 00 00 00 00
6020: 00 00 00 00 00 00 00 00 00 00 00 00 00 00 00 00
6030: 00 00 00 00 00 00 00 00 00 00 00 00 00 00 00 00
6040: 00 00 00 00 00 00 00 00 00 00 00 00 00 00 00 00
6050: 00 00 00 00 00 00 00 00 00 00 00 00 00 00 00 00
6060: 00 00 00 00 00 00 00 00 00 00 00 00 00 00 00 00
6070: 00 00 00 00 00 00 00 00 00 00 00 00 00 00 00 00
6080: 1A 1B 1B 1B 1C 0C 0C 0C 0C 0C 1A 1B 1B 1B 1C 0C
6090: 00 47 48 48 48 49 24 24 25 26 24 24 ED EE EF 00
60A0: 2A 2B 2B 2B 2C 1D 1D 1D 1D 1D 2A 2B 2B 2B 2C 3D
60B0: 00 47 48 48 48 49 24 24 25 26 24 24 ED EE EF 00
60C0: 1D 1D 1D 1D 4D 05 06 07 08 09 2D 1D 1D 1D 1D 4D
60D0: 00 47 48 48 48 49 60 60 60 60 60 60 ED EE EF 00
60E0: 0F 0F 00 00 00 00 00 00 00 00 00 00 00 00 00 00
60F0: 00 00 00 00 00 00 00 00 00 00 00 00 00 00 00 00
6100: 00 00 00 00 00 00 00 00 00 00 00 00 00 00 00 00
6110: 00 00 00 00 00 00 00 00 00 00 00 00 00 00 00 00
6120: 00 00 00 00 00 00 00 00 00 00 00 00 00 00 00 00
6130: 00 00 00 00 00 00 00 00 00 00 00 00 00 00 00 00
6140: 00 00 00 00 00 00 00 00 00 00 00 00 00 00 00 00
6150: 00 00 00 00 00 00 00 00 00 00 00 00 00 00 00 00
6160: 00 00 00 00 00 00 00 00 00 00 00 00 00 00 00 00
6170: 00 00 00 00 00 00 00 00 00 00 00 00 00 00 00 00
6180: 00 00 00 00 00 00 00 00 00 00 00 00 00 00 00 00
6190: 00 00 00 00 00 00 00 00 00 00 00 00 00 00 00 00
61A0: 00 00 00 00 00 00 00 00 00 00 00 00 00 00 00 00
61B0: 00 00 00 00 00 00 00 00 00 00 00 00 00 00 00 00
61C0: 00 00 00 00 00 00 00 00 00 00 00 00 00 00 00 00
61D0: 00 00 00 00 00 00 00 00 00 00 00 00 00 00 00 00
61E0: 00 00 00 00 00 00 00 00 00 00 00 00 00 00 00 00
61F0: 00 00 00 00 00 00 00 00 00 00 00 00 00 00 00 00
6200: 00 00 00 00 00 00 00 00 00 00 00 00 00 00 00 00
6210: 00 00 00 00 00 00 00 00 00 00 00 00 00 00 00 00
6220: 00 00 00 00 00 00 00 00 00 00 00 00 00 00 00 00
6230: 00 00 00 00 00 00 00 00 00 00 00 00 00 00 00 00
6240: 00 00 00 00 00 00 00 00 00 00 00 00 00 00 00 00
6250: 00 00 00 00 00 00 00 00 00 00 00 00 00 00 00 00
6260: 00 00 00 00 00 00 00 00 00 00 00 00 00 00 00 00
6270: 00 00 00 00 00 00 00 00 00 00 00 00 00 00 00 00
6280: 00 00 00 00 00 00 00 00 00 00 00 00 00 00 00 00
6290: 00 00 00 00 00 00 00 00 00 00 00 00 00 00 00 00
62A0: 00 00 00 00 00 00 00 00 00 00 00 00 00 00 00 00
62B0: 00 00 00 00 00 00 00 00 00 00 00 00 00 00 00 00
62C0: 00 00 00 00 00 00 00 00 00 00 00 00 00 00 00 00
62D0: 00 00 00 00 00 00 00 00 00 00 00 00 00 00 00 00
62E0: 00 00 00 00 00 00 00 00 00 00 00 00 00 00 00 00
62F0: 00 00 00 00 00 00 00 00 00 00 00 00 00 00 00 00
6300: 00 00 00 00 00 00 00 00 00 00 00 00 00 00 00 00
6310: 00 00 00 00 00 00 00 00 00 00 00 00 00 00 00 00
6320: 00 00 00 00 00 00 00 00 00 00 00 00 00 00 00 00
6330: 00 00 00 00 00 00 00 00 00 00 00 00 00 00 00 00
6340: 00 00 00 00 00 00 00 00 00 00 00 00 00 00 00 00
6350: 00 00 00 00 00 00 00 00 00 00 00 00 00 00 00 00
6360: 00 00 00 00 00 00 00 00 00 00 00 00 00 00 00 00
6370: 00 00 00 00 00 00 00 00 00 00 00 00 00 00 00 00
6380: 00 00 00 00 00 00 00 00 00 00 00 00 00 00 00 00
6390: 00 00 00 00 00 00 00 00 00 00 00 00 00 00 00 00
63A0: 00 00 00 00 00 00 00 00 00 00 00 00 00 00 00 00
63B0: 00 00 00 00 00 00 00 00 00 00 00 00 00 00 00 00
63C0: 00 00 00 00 00 00 00 00 00 00 00 00 00 00 00 00
63D0: 00 00 00 00 00 00 00 00 00 00 00 00 00 00 00 00
63E0: 00 00 00 00 00 00 00 00 00 00 00 00 00 00 00 00
63F0: 00 00 00 00 00 00 00 00 00 00 00 00 00 00 00 00
6400: 00 00 00 00 00 00 00 00 00 00 00 00 00 00 00 00
6410: 00 00 00 00 00 00 00 00 00 00 00 00 00 00 00 00
6420: 00 00 00 00 00 00 00 00 00 00 00 00 00 00 00 00
6430: 00 00 00 00 00 00 00 00 00 00 00 00 00 00 00 00
6440: 00 00 00 00 00 00 00 00 00 00 00 00 00 00 00 00
6450: 00 00 00 00 00 00 00 00 00 00 00 00 00 00 00 00
6460: 00 00 00 00 00 00 00 00 00 00 00 00 00 00 00 00
6470: 00 00 00 00 00 00 00 00 00 00 00 00 00 00 00 00
6480: 00 00 00 00 00 00 00 00 00 00 00 00 00 00 00 00
6490: 00 00 00 00 00 00 00 00 00 00 00 00 00 00 00 00
64A0: 00 00 00 00 00 00 00 00 00 00 00 00 00 00 00 00
64B0: 00 00 00 00 00 00 00 00 00 00 00 00 00 00 00 00
64C0: 00 00 00 00 00 00 00 00 00 00 00 00 00 00 00 00
64D0: 00 00 00 00 00 00 00 00 00 00 00 00 00 00 00 00
64E0: 00 00 00 00 00 00 00 00 00 00 00 00 00 00 00 00
64F0: 00 00 00 00 00 00 00 00 00 00 00 00 00 00 00 00
6500: 00 00 00 00 00 00 00 00 00 00 00 00 00 00 00 00
6510: 00 00 00 00 00 00 00 00 00 00 00 00 00 00 00 00
6520: 00 00 00 00 00 00 00 00 00 00 00 00 00 00 00 00
6530: 00 00 00 00 00 00 00 00 00 00 00 00 00 00 00 00
6540: 00 00 00 00 00 00 00 00 00 00 00 00 00 00 00 00
6550: 00 00 00 00 00 00 00 00 00 00 00 00 00 00 00 00
6560: 00 00 00 00 00 00 00 00 00 00 00 00 00 00 00 00
6570: 00 00 00 00 00 00 00 00 00 00 00 00 00 00 00 00
6580: 00 00 00 00 00 00 00 00 00 00 00 00 00 00 00 00
6590: 00 00 00 00 00 00 00 00 00 00 00 00 00 00 00 00
65A0: 00 00 00 00 00 00 00 00 00 00 00 00 00 00 00 00
65B0: 00 00 00 00 00 00 00 00 00 00 00 00 00 00 00 00
65C0: 00 00 00 00 00 00 00 00 00 00 00 00 00 00 00 00
65D0: 00 00 00 00 00 00 00 00 00 00 00 00 00 00 00 00
65E0: 00 00 00 00 00 00 00 00 00 00 00 00 00 00 00 00
65F0: 00 00 00 00 00 00 00 00 00 00 00 00 00 00 00 00
6600: 00 00 00 00 00 00 00 00 00 00 00 00 00 00 00 00
6610: 00 00 00 00 00 00 00 00 00 00 00 00 00 00 00 00
6620: 00 00 00 00 00 00 00 00 00 00 00 00 00 00 00 00
6630: 00 00 00 00 00 00 00 00 00 00 00 00 00 00 00 00
6640: 00 00 00 00 00 00 00 00 00 00 00 00 00 00 00 00
6650: 00 00 00 00 00 00 00 00 00 00 00 00 00 00 00 00
6660: 00 00 00 00 00 00 00 00 00 00 00 00 00 00 00 00
6670: 00 00 00 00 00 00 00 00 00 00 00 00 00 00 00 00
6680: 00 00 00 00 00 00 00 00 00 00 00 00 00 00 00 00
6690: 00 00 00 00 00 00 00 00 00 00 00 00 00 00 00 00
66A0: 00 00 00 00 00 00 00 00 00 00 00 00 00 00 00 00
66B0: 00 00 00 00 00 00 00 00 00 00 00 00 00 00 00 00
66C0: 00 00 00 00 00 00 00 00 00 00 00 00 00 00 00 00
66D0: 00 00 00 00 00 00 00 00 00 00 00 00 00 00 00 00
66E0: 00 00 00 00 00 00 00 00 00 00 00 00 00 00 00 00
66F0: 00 00 00 00 00 00 00 00 00 00 00 00 00 00 00 00
6700: 00 00 00 00 00 00 00 00 00 00 00 00 00 00 00 00
6710: 00 00 00 00 00 00 00 00 00 00 00 00 00 00 00 00
6720: 00 00 00 00 00 00 00 00 00 00 00 00 00 00 00 00
6730: 00 00 00 00 00 00 00 00 00 00 00 00 00 00 00 00
6740: 00 00 00 00 00 00 00 00 00 00 00 00 00 00 00 00
6750: 00 00 00 00 00 00 00 00 00 00 00 00 00 00 00 00
6760: 00 00 00 00 00 00 00 00 00 00 00 00 00 00 00 00
6770: 00 00 00 00 00 00 00 00 00 00 00 00 00 00 00 00
6780: 00 00 00 00 00 00 00 00 00 00 00 00 00 00 00 00
6790: 00 00 00 00 00 00 00 00 00 00 00 00 00 00 00 00
67A0: 00 00 00 00 00 00 00 00 00 00 00 00 00 00 00 00
67B0: 00 00 00 00 00 00 00 00 00 00 00 00 00 00 00 00
67C0: 00 00 00 00 00 00 00 00 00 00 00 00 00 00 00 00
67D0: 00 00 00 00 00 00 00 00 00 00 00 00 00 00 00 00
67E0: 00 00 00 00 00 00 00 00 00 00 00 00 00 00 00 00
67F0: 00 00 00 00 00 00 00 00 00 00 00 00 00 00 00 00
6800: 00 00 00 00 00 00 00 00 00 00 00 00 00 00 00 00
6810: 00 00 00 00 00 00 00 00 00 00 00 00 00 00 00 00
6820: 00 00 00 00 00 00 00 00 00 00 00 00 00 00 00 00
6830: 00 00 00 00 00 00 00 00 00 00 00 00 00 00 00 00
6840: 00 00 00 00 00 00 00 00 00 00 00 00 00 00 00 00
6850: 00 00 00 00 00 00 00 00 00 00 00 00 00 00 00 00
6860: 00 00 00 00 00 00 00 00 00 00 00 00 00 00 00 00
6870: 00 00 00 00 00 00 00 00 00 00 00 00 00 00 00 00
6880: 00 00 00 00 00 00 00 00 00 00 00 00 00 00 00 00
6890: 00 00 00 00 00 00 00 00 00 00 00 00 00 00 00 00
68A0: 00 00 00 00 00 00 00 00 00 00 00 00 00 00 00 00
68B0: 00 00 00 00 00 00 00 00 00 00 00 00 00 00 00 00
68C0: 00 00 00 00 00 00 00 00 00 00 00 00 00 00 00 00
68D0: 00 00 00 00 00 00 00 00 00 00 00 00 00 00 00 00
68E0: 00 00 00 00 00 00 00 00 00 00 00 00 00 00 00 00
68F0: 00 00 00 00 00 00 00 00 00 00 00 00 00 00 00 00
6900: 00 00 00 00 00 00 00 00 00 00 00 00 00 00 00 00
6910: 00 00 00 00 00 00 00 00 00 00 00 00 00 00 00 00
6920: 00 00 00 00 00 00 00 00 00 00 00 00 00 00 00 00
6930: 00 00 00 00 00 00 00 00 00 00 00 00 00 00 00 00
6940: 00 00 00 00 00 00 00 00 00 00 00 00 00 00 00 00
6950: 00 00 00 00 00 00 00 00 00 00 00 00 00 00 00 00
6960: 00 00 00 00 00 00 00 00 00 00 00 00 00 00 00 00
6970: 00 00 00 00 00 00 00 00 00 00 00 00 00 00 00 00
6980: 00 00 00 00 00 00 00 00 00 00 00 00 00 00 00 00
6990: 00 00 00 00 00 00 00 00 00 00 00 00 00 00 00 00
69A0: 00 00 00 00 00 00 00 00 00 00 00 00 00 00 00 00
69B0: 00 00 00 00 00 00 00 00 00 00 00 00 00 00 00 00
69C0: 00 00 00 00 00 00 00 00 00 00 00 00 00 00 00 00
69D0: 00 00 00 00 00 00 00 00 00 00 00 00 00 00 00 00
69E0: 00 00 00 00 00 00 00 00 00 00 00 00 00 00 00 00
69F0: 00 00 00 00 00 00 00 00 00 00 00 00 00 00 00 00
6A00: 00 00 00 00 00 00 00 00 00 00 00 00 00 00 00 00
6A10: 00 00 00 00 00 00 00 00 00 00 00 00 00 00 00 00
6A20: 00 00 00 00 00 00 00 00 00 00 00 00 00 00 00 00
6A30: 00 00 00 00 00 00 00 00 00 00 00 00 00 00 00 00
6A40: 00 00 00 00 00 00 00 00 00 00 00 00 00 00 00 00
6A50: 00 00 00 00 00 00 00 00 00 00 00 00 00 00 00 00
6A60: 00 00 00 00 00 00 00 00 00 00 00 00 00 00 00 00
6A70: 00 00 00 00 00 00 00 00 00 00 00 00 00 00 00 00
6A80: 00 00 00 00 00 00 00 00 00 00 00 00 00 00 00 00
6A90: 00 00 00 00 00 00 00 00 00 00 00 00 00 00 00 00
6AA0: 00 00 00 00 00 00 00 00 00 00 00 00 00 00 00 00
6AB0: 00 00 00 00 00 00 00 00 00 00 00 00 00 00 00 00
6AC0: 00 00 00 00 00 00 00 00 00 00 00 00 00 00 00 00
6AD0: 00 00 00 00 00 00 00 00 00 00 00 00 00 00 00 00
6AE0: 00 00 00 00 00 00 00 00 00 00 00 00 00 00 00 00
6AF0: 00 00 00 00 00 00 00 00 00 00 00 00 00 00 00 00
6B00: 00 00 00 00 00 00 00 00 00 00 00 00 00 00 00 00
6B10: 00 00 00 00 00 00 00 00 00 00 00 00 00 00 00 00
6B20: 00 00 00 00 00 00 00 00 00 00 00 00 00 00 00 00
6B30: 00 00 00 00 00 00 00 00 00 00 00 00 00 00 00 00
6B40: 00 00 00 00 00 00 00 00 00 00 00 00 00 00 00 00
6B50: 00 00 00 00 00 00 00 00 00 00 00 00 00 00 00 00
6B60: 00 00 00 00 00 00 00 00 00 00 00 00 00 00 00 00
6B70: 00 00 00 00 00 00 00 00 00 00 00 00 00 00 00 00
6B80: 00 00 00 00 00 00 00 00 00 00 00 00 00 00 00 00
6B90: 00 00 00 00 00 00 00 00 00 00 00 00 00 00 00 00
6BA0: 00 00 00 00 00 00 00 00 00 00 00 00 00 00 00 00
6BB0: 00 00 00 00 00 00 00 00 00 00 00 00 00 00 00 00
6BC0: 00 00 00 00 00 00 00 00 00 00 00 00 00 00 00 00
6BD0: 00 00 00 00 00 00 00 00 00 00 00 00 00 00 00 00
6BE0: 00 00 00 00 00 00 00 00 00 00 00 00 00 00 00 00
6BF0: 00 00 00 00 00 00 00 00 00 00 00 00 00 00 00 00
6C00: 00 00 00 00 00 00 00 00 00 00 00 00 00 00 00 00
6C10: 00 00 00 00 00 00 00 00 00 00 00 00 00 00 00 00
6C20: 00 00 00 00 00 00 00 00 00 00 00 00 00 00 00 00
6C30: 00 00 00 00 00 00 00 00 00 00 00 00 00 00 00 00
6C40: 00 00 00 00 00 00 00 00 00 00 00 00 00 00 00 00
6C50: 00 00 00 00 00 00 00 00 00 00 00 00 00 00 00 00
6C60: 00 00 00 00 00 00 00 00 00 00 00 00 00 00 00 00
6C70: 00 00 00 00 00 00 00 00 00 00 00 00 00 00 00 00
6C80: 00 00 00 00 00 00 00 00 00 00 00 00 00 00 00 00
6C90: 00 00 00 00 00 00 00 00 00 00 00 00 00 00 00 00
6CA0: 00 00 00 00 00 00 00 00 00 00 00 00 00 00 00 00
6CB0: 00 00 00 00 00 00 00 00 00 00 00 00 00 00 00 00
6CC0: 00 00 00 00 00 00 00 00 00 00 00 00 00 00 00 00
6CD0: 00 00 00 00 00 00 00 00 00 00 00 00 00 00 00 00
6CE0: 00 00 00 00 00 00 00 00 00 00 00 00 00 00 00 00
6CF0: 00 00 00 00 00 00 00 00 00 00 00 00 00 00 00 00
6D00: 00 00 00 00 00 00 00 00 00 00 00 00 00 00 00 00
6D10: 00 00 00 00 00 00 00 00 00 00 00 00 00 00 00 00
6D20: 00 00 00 00 00 00 00 00 00 00 00 00 00 00 00 00
6D30: 00 00 00 00 00 00 00 00 00 00 00 00 00 00 00 00
6D40: 00 00 00 00 00 00 00 00 00 00 00 00 00 00 00 00
6D50: 00 00 00 00 00 00 00 00 00 00 00 00 00 00 00 00
6D60: 00 00 00 00 00 00 00 00 00 00 00 00 00 00 00 00
6D70: 00 00 00 00 00 00 00 00 00 00 00 00 00 00 00 00
6D80: 00 00 00 00 00 00 00 00 00 00 00 00 00 00 00 00
6D90: 00 00 00 00 00 00 00 00 00 00 00 00 00 00 00 00
6DA0: 00 00 00 00 00 00 00 00 00 00 00 00 00 00 00 00
6DB0: 00 00 00 00 00 00 00 00 00 00 00 00 00 00 00 00
6DC0: 00 00 00 00 00 00 00 00 00 00 00 00 00 00 00 00
6DD0: 00 00 00 00 00 00 00 00 00 00 00 00 00 00 00 00
6DE0: 00 00 00 00 00 00 00 00 00 00 00 00 00 00 00 00
6DF0: 00 00 00 00 00 00 00 00 00 00 00 00 00 00 00 00
6E00: 00 00 00 00 00 00 00 00 00 00 00 00 00 00 00 00
6E10: 00 00 00 00 00 00 00 00 00 00 00 00 00 00 00 00
6E20: 00 00 00 00 00 00 00 00 00 00 00 00 00 00 00 00
6E30: 00 00 00 00 00 00 00 00 00 00 00 00 00 00 00 00
6E40: 00 00 00 00 00 00 00 00 00 00 00 00 00 00 00 00
6E50: 00 00 00 00 00 00 00 00 00 00 00 00 00 00 00 00
6E60: 00 00 00 00 00 00 00 00 00 00 00 00 00 00 00 00
6E70: 00 00 00 00 00 00 00 00 00 00 00 00 00 00 00 00
6E80: 00 00 00 00 00 00 00 00 00 00 00 00 00 00 00 00
6E90: 00 00 00 00 00 00 00 00 00 00 00 00 00 00 00 00
6EA0: 00 00 00 00 00 00 00 00 00 00 00 00 00 00 00 00
6EB0: 00 00 00 00 00 00 00 00 00 00 00 00 00 00 00 00
6EC0: 00 00 00 00 00 00 00 00 00 00 00 00 00 00 00 00
6ED0: 00 00 00 00 00 00 00 00 00 00 00 00 00 00 00 00
6EE0: 00 00 00 00 00 00 00 00 00 00 00 00 00 00 00 00
6EF0: 00 00 00 00 00 00 00 00 00 00 00 00 00 00 00 00
6F00: 00 00 00 00 00 00 00 00 00 00 00 00 00 00 00 00
6F10: 00 00 00 00 00 00 00 00 00 00 00 00 00 00 00 00
6F20: 00 00 00 00 00 00 00 00 00 00 00 00 00 00 00 00
6F30: 00 00 00 00 00 00 00 00 00 00 00 00 00 00 00 00
6F40: 00 00 00 00 00 00 00 00 00 00 00 00 00 00 00 00
6F50: 00 00 00 00 00 00 00 00 00 00 00 00 00 00 00 00
6F60: 00 00 00 00 00 00 00 00 00 00 00 00 00 00 00 00
6F70: 00 00 00 00 00 00 00 00 00 00 00 00 00 00 00 00
6F80: 00 00 00 00 00 00 00 00 00 00 00 00 00 00 00 00
6F90: 00 00 00 00 00 00 00 00 00 00 00 00 00 00 00 00
6FA0: 00 00 00 00 00 00 00 00 00 00 00 00 00 00 00 00
6FB0: 00 00 00 00 00 00 00 00 00 00 00 00 00 00 00 00
6FC0: 00 00 00 00 00 00 00 00 00 00 00 00 00 00 00 00
6FD0: 00 00 00 00 00 00 00 00 00 00 00 00 00 00 00 00
6FE0: 00 00 00 00 00 00 00 00 00 00 00 00 00 00 00 00
6FF0: 00 00 00 00 00 00 00 00 00 00 00 00 00 00 00 00
7000: 00 00 00 00 00 00 00 00 00 00 00 00 00 00 00 00
7010: 00 00 00 00 00 00 00 00 00 00 00 00 00 00 00 00
7020: 00 00 00 00 00 00 00 00 00 00 00 00 00 00 00 00
7030: 00 00 00 00 00 00 00 00 00 00 00 00 00 00 00 00
7040: 00 E8 ED 00 00 00 00 00 00 00 00 00 00 00 00 00
7050: 00 00 00 00 00 00 00 00 00 00 00 00 00 00 00 00
7060: 00 00 00 00 00 00 00 00 00 00 00 00 00 00 00 00
7070: 00 00 03 00 00 00 00 00 00 00 00 00 00 00 00 FF
7080: 00 00 00 00 00 00 00 00 00 00 00 E5 00 00 00 00
7090: 00 00 00 00 00 00 00 B7 00 00 00 00 00 00 00 00
70A0: 00 00 00 FF FF FF FF 00 00 00 00 02 00 01 0C 00
70B0: 00 00 00 00 00 00 00 00 00 00 00 00 00 00 00 00
70C0: 00 00 00 00 00 00 00 00 00 00 00 00 00 00 00 00
70D0: 00 00 00 00 00 00 00 00 00 00 00 00 00 00 00 00
70E0: 00 00 00 00 00 00 00 00 00 00 00 00 00 00 00 00
70F0: 00 00 00 00 00 00 00 00 00 00 00 00 00 00 00 00
7100: 00 00 00 00 00 00 00 00 00 00 00 00 00 00 00 00
7110: 00 00 00 00 00 00 00 00 00 00 08 00 00 00 00 23
7120: 20 00 20 00 00 00 00 00 00 00 00 00 00 00 00 00
7130: 00 00 00 00 00 00 00 00 00 00 00 00 00 00 00 00
7140: 00 00 00 23 40 00 20 00 00 00 00 00 00 00 00 00
7150: 00 00 00 00 00 00 00 00 00 00 00 00 00 00 00 00
7160: 00 00 00 00 00 00 00 23 60 00 20 00 00 00 00 00
7170: 00 00 00 00 00 00 00 00 00 00 00 00 00 00 00 00
7180: 00 00 00 00 00 00 00 00 00 00 00 0F 08 17 17 0F
7190: 09 11 19 0F 11 11 10 3F 10 00 10 0F 00 10 16 0F
71A0: 06 16 17 0F 00 10 16 0F 00 10 16 3F 00 00 10 0F
71B0: 11 00 10 0F 08 17 27 0F 09 21 19 0F 11 21 20 3F
71C0: 10 00 10 0F 00 20 26 0F 06 16 27 0F 00 20 26 0F
71D0: 00 20 26 3F 00 00 10 0F 11 00 10 0F 08 17 27 0F
71E0: 09 21 19 0F 11 21 30 3F 10 00 10 0F 00 30 26 0F
71F0: 06 16 27 0F 00 30 26 0F 00 30 26 23 00 00 20 00
7200: 00 00 00 00 00 00 00 00 00 00 00 00 00 00 00 00
7210: 00 00 00 00 00 00 00 00 00 00 00 00 00 00 00 00
7220: 00 00 00 00 00 00 00 00 00 00 00 00 00 00 00 00
7230: 00 00 00 00 00 00 00 00 00 00 00 00 00 00 00 00
7240: 00 00 FF FF FF FF FF FF FF 00 00 00 00 00 00 00
7250: 00 00 05 05 00 00 00 00 00 00 28 21 00 00 00 00
7260: 00 00 01 01 00 00 00 00 00 00 20 20 00 00 00 00
7270: 00 00 00 00 00 00 00 00 00 00 00 00 00 00 00 00
7280: 00 00 01 01 00 00 00 00 00 00 00 00 00 00 00 00
7290: 00 00 00 00 00 00 00 00 00 00 00 00 00 00 00 00
72A0: 00 00 00 00 00 00 00 00 00 00 00 00 00 00 00 00
72B0: 00 00 00 00 00 00 00 00 00 00 00 00 00 00 00 00
72C0: 00 00 00 00 00 00 00 00 00 00 00 00 00 00 00 00
72D0: 00 00 00 00 00 00 00 00 00 00 00 00 00 00 00 00
72E0: 00 00 00 00 00 00 00 00 00 00 00 00 00 00 00 00
72F0: 00 00 00 00 00 00 00 00 00 00 00 00 00 00 00 00
7300: 00 00 00 00 00 00 00 00 00 00 00 00 00 00 00 00
7310: 00 00 00 00 00 00 00 00 00 00 00 00 00 00 00 00
7320: 00 00 00 00 00 00 00 00 00 00 00 00 00 00 00 00
7330: 00 00 00 00 00 00 00 00 00 00 00 00 00 00 00 00
7340: 00 00 00 00 00 00 00 00 00 00 00 00 00 00 00 00
7350: 00 00 00 00 00 00 00 00 00 00 00 00 00 00 00 00
7360: 00 00 00 00 00 00 00 00 00 00 00 00 00 00 00 00
7370: 00 00 00 00 00 00 00 00 00 00 00 00 00 00 00 00
7380: 00 00 00 00 00 00 00 00 00 00 00 00 00 00 00 00
7390: 00 00 00 00 00 00 00 00 00 00 00 00 00 00 00 00
73A0: 00 00 00 00 00 00 00 00 00 00 00 00 00 00 00 00
73B0: 00 00 00 00 00 00 00 00 00 00 00 00 00 00 00 00
73C0: 00 00 00 00 00 00 00 00 00 00 00 00 00 00 00 00
73D0: 00 00 00 00 00 00 00 00 00 00 00 00 00 00 00 00
73E0: 00 00 00 00 00 00 00 00 00 00 00 00 00 00 00 00
73F0: 00 00 00 00 00 00 00 00 00 00 00 00 00 00 00 00
7400: 00 00 00 00 00 00 00 00 00 00 00 00 00 00 00 00
7410: 00 00 00 00 00 00 00 00 00 00 00 00 00 00 00 00
7420: 00 00 00 00 00 00 00 00 00 00 00 00 00 00 00 00
7430: 00 00 00 00 00 00 00 00 00 00 00 00 00 00 00 00
7440: 00 00 00 00 00 00 00 00 00 00 00 00 00 00 00 00
7450: 00 00 00 00 00 00 00 00 00 00 00 00 00 00 00 00
7460: 00 00 00 00 00 00 00 00 00 00 00 00 00 00 00 00
7470: 00 00 00 00 00 00 00 00 00 00 00 00 00 00 00 00
7480: 00 00 00 00 00 00 00 00 00 00 00 00 00 00 00 00
7490: 00 00 00 00 00 00 00 00 00 00 00 00 00 00 00 00
74A0: 00 00 00 00 00 00 00 00 00 00 00 00 00 00 00 00
74B0: 00 00 00 00 00 00 00 00 00 00 00 00 00 00 00 00
74C0: 00 00 00 00 00 00 00 00 00 00 00 00 00 00 00 00
74D0: 00 00 00 00 00 00 00 00 00 00 00 00 00 00 00 00
74E0: 00 00 00 00 00 00 00 00 00 00 00 00 00 00 00 00
74F0: 00 00 00 00 00 00 00 00 00 00 00 00 00 00 00 00
7500: 00 00 00 00 00 00 00 00 00 00 00 00 00 00 00 00
7510: 00 00 00 00 00 00 00 00 00 00 00 00 00 00 00 00
7520: 00 00 00 00 00 00 00 00 00 00 00 00 00 00 00 00
7530: 00 00 00 00 00 00 00 00 00 00 00 00 00 00 00 00
7540: 00 00 00 00 00 00 00 00 00 00 00 00 00 00 00 00
7550: 00 00 00 00 00 00 00 00 00 00 00 00 00 00 00 00
7560: 00 00 00 00 00 00 00 00 00 00 00 00 00 00 00 00
7570: 00 00 00 00 00 00 00 00 00 00 00 00 00 00 00 00
7580: 00 00 00 00 00 00 00 00 00 00 00 00 00 00 00 00
7590: 00 00 00 00 00 00 00 00 00 00 00 00 00 00 00 00
75A0: 00 00 00 00 00 00 00 00 00 00 00 00 00 00 00 00
75B0: 00 00 00 00 00 00 00 00 00 00 00 00 00 00 00 00
75C0: 00 00 00 00 00 00 00 00 00 00 00 00 00 00 00 00
75D0: 00 00 00 00 00 00 00 00 00 00 00 00 00 00 00 00
75E0: 00 00 00 00 00 00 00 00 00 00 00 00 00 00 00 00
75F0: 00 00 00 00 00 00 00 00 00 00 00 00 00 00 00 00
7600: 00 00 01 FF 00 00 00 00 00 00 00 00 00 00 00 00
7610: 00 00 00 00 00 00 00 00 00 00 00 00 00 00 00 00
7620: 00 00 00 00 00 00 00 00 00 00 00 00 00 00 00 00
7630: 00 00 00 00 00 00 00 00 00 00 00 00 00 00 00 00
7640: 00 00 00 00 00 00 00 00 00 00 00 00 00 00 00 00
7650: 00 00 00 00 00 00 00 00 00 00 00 00 00 00 00 00
7660: 00 00 00 00 00 00 00 00 00 00 00 00 00 00 00 00
7670: 00 00 00 00 00 00 00 00 00 02 00 00 00 00 00 00
7680: 00 00 00 00 00 00 00 00 00 00 00 00 00 00 00 00
7690: 00 00 00 00 00 00 00 00 00 00 00 00 00 00 00 00
76A0: 00 00 00 00 00 00 00 00 00 00 00 00 00 00 00 00
76B0: 80 00 00 04 80 80 80 00 00 00 00 00 00 00 00 00
76C0: 00 00 00 00 00 00 00 00 00 00 00 00 90 00 28 00
76D0: 01 04 A8 00 30 00 01 05 50 02 18 00 01 09 38 02
76E0: 28 00 01 09 03 E8 00 38 00 01 05 41 88 01 38 00
76F0: 01 06 42 66 02 38 00 01 09 40 00 00 00 00 00 00
7700: 00 00 00 00 00 00 E0 FF 00 00 00 00 40 00 01 80
7710: 00 04 C0 00 05 00 01 05 40 01 05 80 01 06 C0 01
7720: 06 FE 01 07 40 02 09 80 02 0A C0 02 0B 00 03 0B
7730: 10 03 0B 20 03 0B 08 E0 FF 01 00 00 01 80 00 02
7740: C0 00 04 00 01 00 00 00 00 00 00 00 00 00 00 00
7750: 00 00 00 00 00 00 00 00 00 00 00 00 00 00 00 00
7760: 00 00 00 00 00 00 00 00 00 00 00 00 00 00 00 00
7770: 00 00 00 00 00 00 00 00 00 00 00 B4 FF 00 00 00
7780: 00 00 00 00 00 00 00 00 00 00 00 00 00 00 00 00
7790: 00 0F 0F 30 26 0F 0F 25 26 0F 0F 30 10 0F 0F 2A
77A0: 26 00 00 00 00 00 00 00 00 00 00 00 00 00 00 00
77B0: 00 00 00 00 00 00 00 00 00 00 00 00 00 00 00 00
77C0: 00 00 00 00 00 00 00 00 00 00 00 00 00 00 00 00
77D0: 00 00 00 00 00 00 00 00 00 00 00 00 00 00 00 00
77E0: 00 00 00 00 00 00 00 00 00 00 00 00 00 00 00 00
77F0: 00 00 00 00 00 00 00 00 00 00 00 00 00 00 00 00
7800: 00 00 00 00 00 00 00 00 00 00 00 00 00 00 00 00
7810: 00 00 00 00 00 00 00 00 00 00 00 00 00 00 00 00
7820: 00 00 00 00 00 00 00 00 00 00 02 00 00 00 00 00
7830: 00 00 00 00 00 00 00 00 00 00 00 00 00 00 00 00
7840: 00 00 00 00 00 00 00 00 00 00 00 00 00 00 00 00
7850: 00 00 00 00 00 00 00 00 00 00 00 00 00 00 00 00
7860: 00 00 00 00 00 00 00 00 00 00 00 00 00 00 00 00
7870: 00 00 00 00 00 00 00 00 00 00 00 00 00 00 00 00
7880: 00 00 00 00 00 00 00 00 00 00 00 00 00 00 00 00
7890: 00 00 00 00 00 00 00 00 00 00 00 00 00 00 00 00
78A0: 00 00 00 00 00 00 00 00 00 00 00 00 00 00 00 00
78B0: 00 00 00 00 00 00 00 00 00 00 00 00 00 00 00 00
78C0: 00 00 00 00 00 00 00 00 00 00 00 00 00 00 00 00
78D0: 00 00 00 00 00 00 00 00 00 00 00 00 00 00 00 00
78E0: 00 00 00 00 00 00 00 00 00 00 00 00 00 00 00 00
78F0: 00 00 00 00 00 00 00 00 00 00 00 00 00 00 00 00
7900: F0 3E 02 58 F0 3E 02 30 F0 00 00 00 F0 00 00 00
7910: F0 00 00 00 F0 00 00 00 F0 00 00 00 F0 00 00 00
7920: F0 00 00 00 F0 00 00 00 F0 00 00 00 F0 00 00 00
7930: F0 00 00 00 F0 00 00 00 F0 00 00 00 F0 00 00 00
7940: F0 00 00 00 F0 00 00 00 F0 00 00 00 F0 00 00 00
7950: F0 00 00 00 F0 00 00 00 F0 00 00 00 F0 00 00 00
7960: F0 00 00 00 F0 00 00 00 F0 00 00 00 F0 00 00 00
7970: F0 00 00 00 F0 00 00 00 F0 00 00 00 F0 00 00 00
7980: F0 00 00 00 F0 00 00 00 F0 00 00 00 F0 00 00 00
7990: F0 00 00 00 F0 00 00 00 F0 00 00 00 F0 00 00 00
79A0: F0 F1 02 D0 F0 F0 02 C8 F0 E1 02 D1 F0 E0 02 C9
79B0: F0 D1 02 D0 F0 D0 02 C8 F0 C3 00 D0 F0 DD 01 EC
79C0: F0 DC 01 E4 F0 77 01 DC F0 76 01 D4 F0 75 01 CC
79D0: F0 DD 01 EC F0 DC 01 E4 F0 74 01 DC F0 73 01 D4
79E0: F0 72 01 CC F0 2D 00 E4 F0 09 00 DC F0 0D 00 D4
79F0: F0 1D 00 E4 F0 1D 00 E4 F0 18 00 D4 F0 08 00 DC
7A00: 3F 3F 00 00 3F 3F 00 00 0F 0F 00 00 0F 0F 00 00
7A10: 0F 0F 00 00 0F 0F 00 00 0F 0F 00 00 0F 0F 00 00
7A20: 0F 0F 00 00 0F 0F 00 00 3F 3F 00 00 3F 3F 00 00
7A30: 00 00 00 00 00 00 00 00 00 00 00 00 00 00 00 00
7A40: 00 00 00 00 00 00 00 00 00 00 00 00 00 00 00 00
7A50: 00 00 00 00 00 00 00 00 00 00 00 00 00 00 00 00
7A60: 00 00 00 00 00 00 00 00 00 00 00 00 00 00 00 00
7A70: 00 00 00 00 00 00 00 00 00 00 00 00 00 00 00 00
7A80: 00 00 00 00 00 00 00 00 00 00 00 00 00 00 00 00
7A90: 00 08 00 00 00 00 00 00 00 00 00 00 00 00 00 00
7AA0: 00 00 00 00 00 00 00 00 00 00 00 00 00 00 00 00
7AB0: 00 00 00 00 00 00 00 00 00 00 00 00 00 00 00 00
7AC0: 00 00 00 00 00 00 00 00 00 00 00 00 00 00 00 00
7AD0: 00 00 00 00 00 00 00 00 00 00 00 00 00 00 00 00
7AE0: 00 02 00 00 02 00 01 19 01 00 00 40 00 00 00 00
7AF0: 00 00 00 00 09 00 00 00 00 00 00 88 96 9F 8B 80
7B00: A8 87 0A AB 83 1C AE 0F 83 80 0C B6 83 87 91 90
7B10: 92 82 91 80 90 92 0C 80 80 87 AE 8D 89 80 0A AE
7B20: 8B 88 80 92 A9 9F 92 80 9A AE 8C AB 83 9D 82 A9
7B30: 9F AE 00 3F 2E 40 5C 4C 5A 2C 88 3F 5E 64 3F 40
7B40: 26 B2 2C 40 44 3E 3F 64 4A 0F 43 2E 2B 30 2D 38
7B50: 15 0F 23 12 0F 23 38 1F 43 63 29 1D 0F 20 1A 0F
7B60: 1C 1B 40 1A 10 14 23 0F 5B 1C 0F 10 26 34 20 1A
7B70: 11 2F 0F 2C 48 0F 2C 2B 3A 33 36 50 1D 0F 3B 1A
7B80: 0F 27 4E 15 43 43 27 1B 0F 18 1F 0F 31 28 25 36
7B90: 36 31 06 0F 29 16 0F 25 33 31 69 49 20 25 0F 2F
7BA0: 27 3F 2E 40 5C 4C 5A 2C 88 3F 5E 64 3F 40 26 B2
7BB0: 2C 40 44 3E 3F 64 4A 01 01 01 01 01 01 01 01 01
7BC0: 01 01 01 01 01 01 01 01 01 01 01 01 01 01 01 01
7BD0: 01 01 01 01 01 01 01 01 01 01 01 01 01 01 01 01
7BE0: 01 01 01 01 01 01 01 01 01 01 01 01 01 01 01 01
7BF0: 01 01 01 01 01 01 01 01 01 01 01 01 01 01 01 01
7C00: 01 01 01 01 01 01 01 01 01 01 01 01 01 01 01 01
7C10: 01 01 01 01 01 01 01 01 01 01 01 01 01 01 01 01
7C20: 01 01 01 01 01 01 01 01 01 01 01 01 01 01 01 01
7C30: 01 01 01 01 01 01 01 01 01 40 80 00 00 00 00 08
7C40: 00 00 00 00 00 00 02 01 80 80 00 08 00 00 00 00
7C50: 00 00 00 00 00 00 00 09 10 04 00 00 00 00 00 00
7C60: 00 00 00 00 00 40 00 00 00 00 09 00 00 40 80 00
7C70: 00 00 00 08 00 00 00 00 00 00 02 01 80 80 00 08
7C80: 00 00 00 00 00 00 00 00 00 00 00 09 10 04 00 00
7C90: 00 00 00 00 00 00 00 00 00 02 02 02 01 02 02 02
7CA0: 00 00 00 00 00 00 19 00 00 00 00 00 00 00 00 00
7CB0: 00 00 00 00 00 00 00 00 00 00 00 00 00 00 00 00
7CC0: 00 00 00 00 00 00 00 00 00 00 00 00 00 00 00 00
7CD0: 00 00 00 00 00 00 00 00 00 00 00 00 00 00 00 00
7CE0: 00 00 04 C9 10 90 1D 20 49 FD A5 4B 30 16 AD 05
7CF0: 05 C9 02 D0 04 A5 4C 30 0B AD 39 78 29 EF 8D 39
7D00: 00 00 00 00 00 00 00 00 00 00 00 00 00 00 00 00
7D10: 00 00 00 00 00 00 00 00 00 00 00 00 00 00 00 00
7D20: 00 00 00 00 00 00 00 00 00 00 00 00 00 00 00 00
7D30: 00 00 00 00 00 00 00 00 00 00 00 00 00 00 00 00
7D40: 00 00 00 00 00 00 00 00 00 00 00 00 00 00 00 00
7D50: 00 00 00 00 00 00 00 00 00 00 00 00 00 00 00 00
7D60: 00 00 00 00 00 00 00 00 00 00 00 00 00 00 00 00
7D70: 00 00 00 00 00 00 00 00 00 00 00 00 00 00 00 00
7D80: 00 00 00 00 00 00 00 00 00 00 00 00 00 00 00 00
7D90: 00 00 00 00 00 00 00 00 00 00 00 00 00 00 00 00
7DA0: 00 00 00 00 00 00 00 00 00 00 00 00 00 00 00 00
7DB0: 00 00 00 00 00 00 00 00 00 00 00 00 00 00 00 00
7DC0: 00 00 00 00 00 00 00 00 00 00 00 00 00 00 00 00
7DD0: 00 00 00 00 00 00 00 00 00 00 00 00 00 00 00 00
7DE0: 00 00 00 00 00 00 00 00 00 00 00 00 00 00 00 00
7DF0: 00 00 00 00 00 00 00 00 00 00 00 00 00 00 00 00
7E00: 00 00 00 00 00 00 00 00 00 00 00 00 00 00 00 00
7E10: 00 00 00 00 00 00 00 00 00 00 00 00 00 00 00 00
7E20: 00 00 00 00 00 00 00 00 00 00 00 00 00 00 00 00
7E30: 00 00 00 00 00 00 00 00 00 00 00 00 00 00 00 00
7E40: 00 00 00 00 00 00 00 00 00 00 00 00 00 00 00 00
7E50: 00 00 00 00 00 00 00 00 00 00 00 00 00 00 00 00
7E60: 00 00 00 00 00 00 00 00 00 00 00 00 00 00 00 00
7E70: 00 00 00 00 00 00 00 00 00 00 00 00 00 00 00 00
7E80: 00 00 00 00 00 00 00 00 00 00 00 00 00 00 00 00
7E90: 00 00 00 00 00 00 00 00 00 00 00 00 00 00 00 00
7EA0: 00 00 00 00 00 00 00 00 00 00 00 00 00 00 00 00
7EB0: 00 00 00 00 00 00 00 00 00 00 00 00 00 00 00 00
7EC0: 00 00 00 00 00 00 00 00 00 00 00 00 00 00 00 00
7ED0: 00 00 00 00 00 00 00 00 00 00 00 00 00 00 00 00
7EE0: 00 00 00 00 00 00 00 00 00 00 00 00 00 00 00 00
7EF0: 00 00 00 00 00 00 00 00 00 00 00 00 00 00 00 00
7F00: 00 00 00 00 00 00 00 00 00 00 00 00 00 00 00 00
7F10: 00 00 00 00 00 00 00 00 00 00 00 00 00 00 00 00
7F20: 00 00 00 00 00 00 00 00 00 00 00 00 00 00 00 00
7F30: 00 00 00 00 00 00 00 00 00 00 00 00 00 00 00 00
7F40: 00 00 00 00 00 00 00 00 00 00 00 00 00 00 00 00
7F50: 00 00 00 00 00 00 00 00 00 00 00 00 00 00 00 00
7F60: 00 00 00 00 00 00 00 00 00 00 00 00 00 00 00 00
7F70: 00 00 00 00 00 00 00 00 00 00 00 00 00 00 00 00
7F80: 00 00 00 00 00 00 00 00 00 00 00 00 00 00 00 00
7F90: 00 00 00 00 00 00 00 00 00 00 00 00 00 00 00 00
7FA0: 00 00 00 00 00 00 00 00 00 00 00 00 00 00 00 00
7FB0: 00 00 00 00 00 00 00 00 00 00 00 00 00 00 00 00
7FC0: 00 00 00 00 00 00 00 00 00 00 00 00 00 00 00 00
7FD0: 00 00 00 00 00 00 00 00 00 00 00 00 00 00 00 00
7FE0: 00 00 00 00 00 00 00 00 00 00 00 00 00 00 00 00
7FF0: 00 00 00 00 00 00 00 00 00 00 00 00 00 00 00 00
