0000: E4 B7 98 85 28 00 00 00 00 80 00 00 00 00 E8 00
0010: 89 CF 40 81 01 00 00 00 9D 00 00 60 C0 63 A0 61
0020: 0A 0E 03 00 60 01 00 00 3C 3E 50 00 79 D4 A8 60
0030: 79 D4 58 00 06 02 00 00 00 00 00 00 00 00 00 02
0040: A0 01 00 0F 00 00 00 00 00 80 81 00 00 80 80 80
0050: 00 00 00 00 80 80 80 00 00 00 00 00 00 00 00 00
0060: 00 00 00 00 02 00 00 00 00 00 00 04 00 01 01 01
0070: 00 00 80 80 00 00 00 00 99 00 00 20 C0 00 00 00
0080: 00 00 00 00 31 24 10 30 66 88 E8 21 00 01 01 01
0090: 01 02 01 00 00 00 E0 40 00 00 00 00 00 00 00 17
00A0: 1C 30 40 38 38 38 00 00 00 00 01 01 00 00 00 00
00B0: 00 00 00 00 00 00 00 00 00 00 00 00 00 00 00 00
00C0: 00 00 00 01 01 00 00 01 01 01 00 00 00 19 33 37
00D0: 23 27 25 00 80 80 84 80 81 81 80 00 00 00 00 00
00E0: 00 00 00 00 00 A8 00 F0 00 00 00 00 00 00 00 00
00F0: FF 00 00 00 00 A8 15 02 0C 00 00 07 07 FF FF 00
0100: C0 50 00 00 FF FF FF 00 00 00 00 00 FF FF FF FF
0110: 00 00 00 00 FF FF FF FF 00 00 00 00 FF FF FF FF
0120: 00 00 00 00 FF FF FF FF 00 00 00 00 FF FF FF FF
0130: 00 00 00 00 FF FF FF FF 00 00 00 00 FF FF FF FF
0140: 00 00 00 00 FF FF FF FF 00 00 00 00 00 00 00 00
0150: 00 00 00 00 00 00 00 00 00 00 00 00 00 00 00 00
0160: 00 00 00 00 00 00 00 FF 04 C3 C3 FC 24 03 91 F9
0170: 00 FA CE FF CD 0A 03 B1 E4 9E BA 00 A8 00 40 35
0180: 47 42 00 00 00 00 FF 37 00 00 00 FF 33 00 00 00
0190: C0 19 00 00 00 C0 00 00 01 38 E8 00 80 80 80 00
01A0: 02 00 00 00 80 00 01 38 88 01 81 80 80 00 00 00
01B0: 00 00 80 00 01 38 66 02 81 80 80 00 00 00 00 00
01C0: 80 00 00 40 30 01 80 00 00 00 00 00 00 00 00 00
01D0: 00 30 10 01 84 00 00 00 00 00 00 00 00 00 01 1C
01E0: 24 01 80 81 80 00 00 00 00 00 80 00 01 17 31 01
01F0: 80 80 80 00 00 00 00 00 80 2C C3 06 94 F0 5A EF
0200: F0 FE 02 00 F0 7E 02 00 F0 00 00 00 F0 00 00 00
0210: F0 00 00 00 F0 00 00 00 F0 00 00 00 F0 00 00 00
0220: F0 00 00 00 F0 00 00 00 F0 00 00 00 F0 00 00 00
0230: F0 00 00 00 F0 00 00 00 F0 00 00 00 F0 00 00 00
0240: F0 00 00 00 F0 00 00 00 F0 00 00 00 F0 00 00 00
0250: F0 00 00 00 F0 00 00 00 F0 00 00 00 F0 00 00 00
0260: F0 00 00 00 F0 00 00 00 F0 00 00 00 F0 00 00 00
0270: F0 00 00 00 F0 00 00 00 F0 00 00 00 F0 00 00 00
0280: F0 00 00 00 F0 00 00 00 F0 00 00 00 F0 00 00 00
0290: F0 00 00 00 F0 00 00 00 F0 00 00 00 F0 68 40 00
02A0: F0 CF 40 81 F0 CE 40 89 F0 71 40 81 F0 70 40 89
02B0: F0 61 40 80 F0 60 40 88 F0 51 40 81 F0 50 40 89
02C0: F0 8F 40 74 F0 8E 40 7C F0 71 43 74 F0 70 43 7C
02D0: F0 61 43 73 F0 60 43 7B F0 51 43 74 F0 50 43 7C
02E0: F0 03 00 D8 F0 13 00 D8 F0 13 40 E0 F0 03 40 E0
02F0: F0 14 40 D0 F0 19 40 3C F0 16 00 34 F0 16 40 44
0300: 00 00 00 00 80 80 00 00 00 00 00 00 00 00 00 40
0310: 60 00 00 00 00 00 00 00 00 00 00 00 00 00 00 00
0320: 00 00 00 00 00 00 00 00 00 00 00 00 00 00 00 00
0330: 00 00 00 00 00 00 00 00 00 00 00 00 00 00 00 00
0340: 00 00 00 00 00 00 00 00 00 00 00 00 00 00 00 00
0350: 00 00 00 00 00 00 00 00 00 00 00 00 00 00 00 00
0360: 00 00 00 00 01 01 00 00 01 01 01 00 00 00 00 00
0370: 00 00 00 00 00 00 00 00 00 93 8F 80 80 00 00 81
0380: 81 80 00 00 00 00 00 00 00 00 00 00 00 00 00 00
0390: 00 00 00 00 00 00 00 00 00 00 00 00 00 00 0B 03
03A0: 00 00 01 01 01 00 00 00 00 00 00 00 00 00 00 00
03B0: 00 00 00 00 00 00 00 00 00 00 00 00 00 00 00 00
03C0: 00 00 00 00 00 00 00 00 00 00 00 00 00 00 00 00
03D0: 00 00 00 00 00 00 00 00 00 00 00 F3 00 00 7F 57
03E0: B7 0D 00 00 00 7F 64 C4 00 00 00 00 00 00 00 00
03F0: 00 00 00 00 00 00 00 05 00 00 21 21 21 FB 00 00
0400: 00 1C 1C 1C 00 00 00 00 00 00 00 00 00 00 00 00
0410: 00 00 00 00 00 00 00 00 00 00 00 00 00 00 00 00
0420: 00 00 00 00 00 00 00 00 00 00 00 00 00 00 00 12
0430: 00 00 A0 78 6A 12 00 00 00 9B 80 58 00 00 00 00
0440: 00 00 00 00 00 00 00 00 00 00 01 00 00 00 FF FF
0450: 00 00 00 00 00 00 00 00 00 00 00 00 00 00 00 00
0460: 00 00 00 00 00 00 00 00 00 00 00 00 00 00 00 00
0470: 00 00 00 00 00 00 00 00 00 FF 00 00 00 FF 00 00
0480: 00 00 00 00 00 00 00 00 00 00 00 00 00 00 00 00
0490: 00 00 00 00 00 00 00 00 00 00 00 00 00 06 00 00
04A0: 00 FF 00 00 00 00 00 00 00 00 00 00 00 00 00 00
04B0: 00 00 00 00 10 1F 00 00 00 01 00 00 00 00 00 00
04C0: 00 00 00 00 00 00 00 00 00 00 00 00 00 00 00 00
04D0: 00 00 00 00 00 00 00 00 00 00 00 00 00 80 00 00
04E0: 00 00 00 00 00 00 00 00 00 00 00 00 00 00 00 00
04F0: 00 12 00 FF FF 00 00 00 00 00 42 47 35 40 00 00
0500: 00 00 3C 3E 00 00 2E 00 9C 42 01 00 00 00 00 00
0510: 00 00 00 00 00 00 00 00 00 00 00 00 00 00 00 00
0520: 00 00 00 00 00 58 00 00 00 00 00 00 00 00 00 00
0530: 00 00 00 00 00 00 00 00 00 00 00 00 00 00 00 00
0540: 00 00 00 00 00 00 00 00 00 00 00 00 00 00 00 00
0550: 00 00 00 00 00 00 00 00 00 00 00 00 00 00 00 00
0560: 00 00 00 00 00 00 00 00 00 00 00 00 00 00 00 00
0570: 00 00 00 00 00 00 00 00 00 00 00 00 00 00 00 00
0580: 00 00 00 00 00 00 00 00 00 00 00 01 00 00 00 00
0590: 00 00 00 00 00 00 00 00 00 00 00 00 00 00 00 00
05A0: 00 00 00 00 00 00 00 00 00 00 FF 00 00 00 00 00
05B0: 00 00 00 00 00 00 00 00 00 01 02 04 05 06 03 00
05C0: 00 00 00 00 00 00 00 00 00 00 00 00 00 00 00 00
05D0: FF 00 00 00 00 00 00 00 00 00 00 00 00 00 00 00
05E0: 00 00 00 00 00 00 00 00 00 00 00 00 00 FF 00 00
05F0: 00 00 00 00 00 00 00 00 00 00 00 00 00 00 00 00
0600: 00 00 03 02 02 03 00 00 00 00 00 00 00 00 01 01
0610: 00 00 00 00 00 00 00 00 00 00 00 00 00 00 3F 3F
0620: 00 00 3F 3F 00 00 00 00 00 00 00 00 00 00 00 00
0630: 00 00 00 00 00 F6 F6 00 00 00 00 00 0A 0A 00 00
0640: 00 00 00 20 20 00 00 00 00 00 00 00 00 00 00 00
0650: 00 08 08 00 00 00 00 00 00 00 00 00 00 00 00 00
0660: 00 00 00 00 00 00 00 00 00 00 00 00 00 00 02 01
0670: 00 00 00 00 00 00 00 00 00 00 00 00 00 00 00 00
0680: 00 00 00 FF FF 00 00 00 00 A9 00 00 00 00 00 00
0690: 00 00 00 00 00 00 00 00 46 3F 3F 3F 3F 00 02 00
06A0: 00 02 00 00 00 00 00 00 00 00 00 00 00 04 00 00
06B0: 00 00 00 00 01 00 00 00 00 00 00 00 00 00 00 00
06C0: 00 00 01 FF FF FF FF FF FF FF 00 00 00 00 00 00
06D0: 00 00 00 00 00 00 00 00 00 00 00 00 00 00 00 00
06E0: 00 00 00 00 00 00 00 00 00 00 00 00 00 00 00 00
06F0: 00 00 00 00 00 00 00 00 00 00 00 00 00 00 00 00
0700: 80 46 00 00 00 00 03 00 00 00 00 00 00 00 00 00
0710: 00 00 00 00 00 00 00 00 00 00 00 00 00 00 00 00
0720: 00 00 00 00 00 E4 00 00 00 00 00 00 00 00 B7 00
0730: 00 00 00 00 00 00 00 00 00 00 00 00 00 00 00 00
0740: 7A 00 00 00 00 00 00 00 00 00 00 00 00 00 00 00
0750: 00 00 1B 00 00 00 00 00 00 00 00 00 00 00 00 00
0760: 00 00 00 00 00 00 00 00 00 00 00 00 00 00 00 00
0770: 00 00 00 00 00 00 00 00 00 00 00 00 00 00 00 00
0780: 00 00 00 00 00 00 00 00 80 00 00 00 00 00 00 00
0790: 00 00 00 00 00 00 00 00 00 00 00 00 00 00 00 00
07A0: 00 00 00 00 00 00 00 00 00 00 00 00 00 00 00 00
07B0: 00 00 00 00 00 00 00 00 00 00 00 00 00 00 00 00
07C0: 00 00 00 00 00 00 00 00 00 00 00 00 00 00 00 00
07D0: 00 00 00 00 00 00 00 70 08 49 00 00 00 00 00 00
07E0: 00 00 00 8D 04 40 60 00 00 00 00 00 00 00 00 00
07F0: 00 00 00 00 00 00 00 00 00 00 00 00 00 00 00 00
