0000: 72 AE 34 5D 28 00 00 00 00 10 00 00 00 00 00 00
0010: 98 F1 02 D0 00 00 00 00 00 00 03 7A 4E 01 00 D0
0020: 98 18 01 FF 00 00 00 00 3C 3E 70 00 31 25 72 10
0030: 27 0D 00 00 00 00 00 00 00 00 00 00 00 00 00 00
0040: 00 01 00 0F 00 00 00 00 04 80 80 80 80 80 80 80
0050: 00 00 00 00 00 00 00 00 00 00 00 00 00 00 00 00
0060: 00 00 00 00 02 00 00 00 00 00 00 04 00 00 00 00
0070: 00 00 80 80 00 00 00 00 00 00 00 00 00 00 00 00
0080: 00 00 00 00 80 90 10 30 00 00 55 00 00 01 01 01
0090: 01 00 00 00 00 00 00 00 00 00 00 00 00 00 00 30
00A0: 20 30 40 00 00 00 00 00 01 01 01 01 01 01 01 00
00B0: 00 00 00 00 00 00 00 00 00 00 00 00 00 00 00 00
00C0: 00 00 00 00 00 00 00 00 00 00 00 00 00 19 33 37
00D0: 00 00 00 00 00 00 84 80 00 00 00 00 00 00 00 00
00E0: 00 00 00 00 00 00 00 C3 00 00 00 00 00 00 00 00
00F0: FF 00 00 00 00 C0 00 02 08 00 00 05 6B FF FF 00
0100: C0 50 00 00 FF FF FF 00 00 00 00 02 FF FF FF FF
0110: 00 00 00 00 FF FF FF FF 00 00 00 00 FF FF FF FF
0120: 00 00 00 00 FF FF FF FF 00 00 00 00 FF FF FF FF
0130: 00 00 00 00 FF FF FF FF 00 00 00 00 FF FF FF FF
0140: 00 00 00 00 FF FF FF FF 00 00 00 00 FF FF FF FF
0150: 00 00 00 00 FF FF FF FF 00 00 00 00 FF FF FF FF
0160: 00 00 8C 00 DC A4 25 01 EA D2 23 D2 02 33 32 31
0170: 30 F5 CD 02 B1 E4 8F BD 00 C0 15 33 32 31 30 00
0180: 00 00 00 FF 37 00 00 00 FF 33 00 00 00 FF 19 00
0190: 00 00 FF 00 00 00 00 55 00 00 80 00 00 02 00 00
01A0: 00 00 00 00 00 00 00 00 80 00 00 00 00 00 00 00
01B0: 00 00 00 00 00 00 80 00 00 00 00 00 00 00 00 00
01C0: 40 30 01 80 80 00 00 00 00 00 00 00 00 00 30 10
01D0: 01 84 80 00 00 00 00 00 00 10 00 00 20 90 01 00
01E0: 80 00 00 00 00 00 00 00 00 00 30 80 01 00 80 00
01F0: 00 00 00 00 00 00 1A C3 04 A1 BE 7D C3 06 F9 EE
0200: F0 FE 02 68 F0 00 00 00 F0 00 00 00 F0 00 00 00
0210: F0 00 00 00 F0 00 00 00 F0 00 00 00 F0 00 00 00
0220: F0 00 00 00 F0 00 00 00 F0 00 00 00 F0 00 00 00
0230: F0 00 00 00 F0 00 00 00 F0 00 00 00 F0 00 00 00
0240: F0 00 00 00 F0 00 00 00 F0 00 00 00 F0 00 00 00
0250: F0 00 00 00 F0 00 00 00 F0 00 00 00 F0 00 00 00
0260: F0 00 00 00 F0 00 00 00 F0 00 00 00 F0 00 00 00
0270: F0 00 00 00 F0 00 00 00 F0 00 00 00 F0 00 00 00
0280: F0 00 00 00 F0 00 00 00 F0 00 00 00 F0 00 00 00
0290: F0 00 00 00 F0 00 00 00 F0 00 00 00 F0 00 00 00
02A0: F0 F1 02 D0 F0 F0 02 C8 F0 E1 02 D1 F0 E0 02 C9
02B0: F0 D1 02 D0 F0 D0 02 C8 F0 C3 00 D0 F0 C2 00 C8
02C0: F0 81 40 48 F0 80 40 50 F0 91 43 48 F0 93 43 48
02D0: F0 92 43 50 F0 98 43 50 F0 A1 43 48 F0 A0 43 50
02E0: F0 F1 00 C0 F0 F0 00 B8 F0 E1 00 C1 F0 E0 00 B9
02F0: F0 D1 00 C0 F0 D0 00 B8 F0 C1 00 C0 F0 C0 00 B8
0300: 00 00 00 00 00 00 00 00 00 00 00 00 00 00 00 00
0310: 00 00 00 00 00 00 00 00 00 00 00 00 00 00 00 00
0320: 00 00 00 00 00 00 00 00 00 00 00 00 00 00 00 00
0330: 00 00 00 00 00 00 00 00 00 00 00 00 00 00 00 00
0340: 00 00 00 00 00 00 00 00 00 00 00 00 00 00 00 00
0350: 00 00 00 00 00 00 00 00 00 00 00 00 00 00 00 00
0360: 00 00 00 00 00 00 00 00 00 00 00 00 00 00 00 00
0370: 00 00 00 00 00 00 00 00 00 00 00 00 00 00 00 00
0380: 00 00 00 00 00 00 00 00 00 00 00 00 00 00 00 00
0390: 00 00 00 00 00 00 00 00 00 00 00 00 00 00 00 00
03A0: 00 00 00 00 00 00 00 00 00 00 00 00 00 00 00 00
03B0: 00 00 00 00 00 00 00 00 00 00 00 00 00 00 00 00
03C0: 00 00 00 00 00 00 00 00 00 00 00 00 00 00 00 00
03D0: 00 00 00 00 00 00 00 00 00 00 00 00 00 00 00 00
03E0: 00 00 00 00 00 00 00 00 00 00 00 00 00 00 00 00
03F0: 00 00 00 00 00 00 00 00 00 00 00 00 00 00 00 00
0400: 00 00 00 00 00 00 00 00 00 00 00 00 00 00 00 00
0410: 00 00 00 00 00 00 00 00 00 00 00 00 00 00 00 00
0420: 00 00 00 00 00 00 00 00 00 00 00 00 00 00 00 00
0430: 00 00 00 00 00 00 00 00 00 00 00 00 00 00 00 00
0440: 00 00 00 00 00 00 00 00 00 00 00 00 00 00 00 00
0450: 00 00 00 00 00 00 00 00 00 00 00 00 00 00 00 00
0460: 00 00 00 00 00 00 00 00 00 00 00 00 00 00 00 00
0470: 00 00 00 00 00 00 00 00 00 00 00 00 00 00 00 00
0480: 00 00 00 00 00 00 00 00 00 00 00 00 00 00 00 00
0490: 00 00 00 00 00 00 00 00 00 00 00 00 00 00 00 00
04A0: 00 00 00 00 00 00 00 00 00 00 00 00 00 00 00 00
04B0: 00 00 00 00 10 1F 00 00 00 01 00 00 00 00 00 00
04C0: 00 00 00 00 00 00 00 00 00 00 00 00 00 00 00 00
04D0: 00 00 00 00 00 00 00 00 00 00 00 00 00 00 00 00
04E0: 00 00 00 00 00 00 00 00 00 00 00 00 00 00 00 00
04F0: 00 12 15 FF FF 00 00 00 00 00 68 69 6A 6B 00 00
0500: 00 00 04 06 00 00 01 00 9C 00 00 00 00 00 00 00
0510: 00 00 00 00 00 00 00 00 00 00 00 00 00 00 00 00
0520: 00 00 00 00 00 00 00 00 00 00 00 00 00 00 00 00
0530: 00 00 00 00 00 00 00 00 00 00 00 00 00 00 00 00
0540: 00 00 00 00 00 00 00 00 00 00 00 00 00 00 00 00
0550: 00 00 00 00 00 00 00 00 00 00 00 00 00 00 00 00
0560: 00 00 00 00 00 00 00 00 00 00 00 00 00 00 00 00
0570: 00 00 00 00 00 00 00 00 00 00 00 00 00 00 00 00
0580: 00 00 00 00 00 00 00 00 00 00 00 01 00 00 00 00
0590: 00 00 00 00 00 00 00 00 00 00 00 00 00 00 00 00
05A0: 00 00 00 00 00 00 00 00 00 00 00 00 00 00 00 00
05B0: 00 00 00 00 00 00 00 00 00 01 02 03 04 05 06 00
05C0: 00 00 00 00 00 00 00 00 00 00 00 00 00 00 00 00
05D0: FF 00 00 00 00 00 00 00 00 00 00 00 00 00 00 00
05E0: 00 00 00 00 00 00 00 00 00 00 00 00 00 00 00 00
05F0: 00 00 00 00 00 00 00 00 00 00 00 00 00 00 00 00
0600: 00 00 00 00 00 00 00 00 00 00 00 00 00 00 00 00
0610: 00 00 00 00 00 00 00 00 00 00 00 00 00 00 3F 3F
0620: 00 00 3F 3F 00 00 00 00 00 00 00 00 00 00 00 00
0630: 00 00 00 00 00 00 00 00 00 00 00 00 00 00 00 00
0640: 00 00 00 00 00 00 00 00 00 00 00 00 00 00 00 00
0650: 00 00 00 00 00 00 00 00 00 00 00 00 00 00 00 00
0660: 00 00 00 00 00 00 00 00 00 00 00 00 00 00 02 01
0670: 00 00 00 00 00 00 00 00 00 00 00 00 00 00 00 00
0680: 00 00 00 00 00 00 00 00 00 00 00 00 00 00 00 00
0690: 00 00 00 00 00 00 00 00 FE 00 00 00 00 00 00 00
06A0: 00 00 00 00 00 00 00 00 00 00 00 00 00 00 00 00
06B0: 00 00 00 00 00 00 00 00 00 00 00 00 00 00 00 00
06C0: 00 00 00 00 00 00 00 00 00 00 00 00 00 00 00 00
06D0: 00 00 00 00 00 00 00 00 00 00 00 00 00 00 00 00
06E0: 00 00 00 00 00 00 00 00 00 00 00 00 00 00 00 00
06F0: 00 00 00 00 00 00 00 00 00 00 00 00 00 00 00 00
0700: 80 FE 00 00 00 00 03 00 00 00 00 00 00 00 00 00
0710: 00 00 00 00 00 00 00 00 00 00 00 00 00 00 00 00
0720: 00 00 00 00 00 00 00 00 00 00 00 00 00 00 00 00
0730: 00 00 00 00 00 00 00 00 00 00 00 00 00 00 00 00
0740: 00 00 00 00 00 00 00 00 00 00 00 00 00 00 00 00
0750: 00 00 00 00 00 00 00 00 00 00 00 00 00 00 00 00
0760: 00 00 00 00 00 00 00 00 00 00 00 00 00 00 00 00
0770: 00 00 00 00 00 00 00 00 00 00 00 00 00 00 00 00
0780: 00 00 00 00 00 00 00 00 00 00 00 00 00 00 00 00
0790: 00 00 00 00 00 00 00 00 00 00 00 00 00 00 00 00
07A0: 00 00 00 00 00 00 00 00 00 00 00 00 00 00 00 00
07B0: 00 00 00 00 00 00 00 00 00 00 00 00 00 00 00 00
07C0: 00 00 00 00 00 00 00 00 00 00 00 00 00 00 00 00
07D0: 00 00 00 00 00 00 00 00 00 00 00 00 00 00 00 00
07E0: 00 00 00 8D 00 40 60 00 00 00 00 00 00 00 00 00
07F0: 00 00 00 00 00 00 00 00 00 00 00 00 00 00 00 00
