6000: 00 00 00 00 00 00 00 00 00 00 00 00 00 00 00 00
6010: 00 00 00 00 00 00 00 00 00 00 00 00 00 00 00 00
6020: 00 00 00 00 00 00 00 00 00 00 00 00 00 00 00 00
6030: 00 00 00 00 00 00 00 00 00 00 00 00 00 00 00 00
6040: 00 00 00 00 00 00 00 00 00 00 00 00 00 00 00 00
6050: 00 00 00 00 00 00 00 00 00 00 00 00 00 00 00 00
6060: 00 00 00 00 00 00 00 00 00 00 00 00 00 00 00 00
6070: 00 00 00 00 00 00 00 00 00 00 00 00 00 00 00 00
6080: 1A 1B 1B 1B 1C 0C 0C 0C 0C 0C 1A 1B 1B 1B 1C 0C
6090: 00 47 48 48 48 49 24 24 25 26 24 24 ED EE EF 00
60A0: 2A 2B 2B 2B 2C 1D 1D 1D 1D 1D 2A 2B 2B 2B 2C 3D
60B0: 00 47 48 48 48 49 24 24 25 26 24 24 ED EE EF 00
60C0: 1D 1D 1D 1D 4D 05 06 07 08 09 2D 1D 1D 1D 1D 4D
60D0: 00 47 48 48 48 49 60 60 60 60 60 60 ED EE EF 00
60E0: 0F 0F 0F 0F 0F 15 16 17 18 19 0E 0F 0F 0F 0F 0F
60F0: 00 37 38 38 38 39 70 70 70 70 70 70 FD FE FF 00
6100: 10 11 10 11 10 11 10 11 10 11 10 11 10 11 10 11
6110: 57 57 57 57 57 57 57 57 57 57 57 57 57 57 57 57
6120: 20 21 20 21 20 21 20 21 20 21 20 21 20 21 20 21
6130: 67 67 67 67 67 67 67 67 67 67 67 67 67 67 67 67
6140: 30 31 30 31 0A 0A 0A 0A 0A 0A 0A 0A 30 31 30 31
6150: 00 00 00 00 58 59 C2 C3 58 59 27 28 28 28 29 00
6160: 40 41 40 41 00 00 00 00 00 00 00 00 40 41 40 41
6170: 00 35 36 00 03 69 D2 D3 03 69 47 48 48 48 49 CF
6180: 27 28 28 29 00 24 25 00 00 26 24 24 4E 4F 4E 4F
6190: 44 45 46 00 03 69 E2 E3 03 69 47 48 48 48 49 DF
61A0: 37 38 38 39 00 24 25 00 00 26 24 24 1E 1F 1E 1F
61B0: 54 55 56 00 78 79 F2 F3 78 79 37 38 38 38 39 00
61C0: 1E 1F 1E 1F 00 33 25 00 00 26 33 33 1E 1F 1E 1F
61D0: 3A 3B 3C 00 00 00 00 00 00 00 12 13 13 13 14 00
61E0: 12 13 13 14 00 43 F9 FA FA F8 12 13 13 13 14 1F
61F0: 4A 4B 4C 00 50 51 51 51 51 51 22 00 22 00 22 00
6200: 22 00 00 22 23 04 04 04 04 04 22 00 22 00 22 23
6210: 5A 5B 5C 5D 04 04 04 04 04 04 04 04 04 04 04 04
6220: 03 03 03 03 03 03 03 03 03 03 03 03 03 03 03 03
6230: 03 03 03 03 03 03 03 03 03 03 03 03 03 03 03 03
6240: 03 03 03 03 03 03 03 03 03 03 03 03 03 03 03 03
6250: 03 03 03 03 03 E0 03 03 03 03 03 03 E0 03 03 03
6260: 03 03 03 03 E0 03 03 03 03 03 03 03 E0 03 03 03
6270: 03 03 03 03 03 03 03 03 03 03 03 03 03 03 03 03
6280: 03 03 03 03 03 03 03 03 03 E0 03 03 03 03 03 03
6290: 03 03 03 E0 03 03 03 E0 03 03 03 E0 03 03 F0 03
62A0: 03 03 03 03 03 03 03 03 03 03 03 03 03 03 03 03
62B0: F0 03 03 03 03 03 03 03 03 03 03 03 03 03 03 03
62C0: 03 E0 03 03 03 03 F0 03 03 03 03 E0 03 03 03 03
62D0: 03 03 03 03 03 03 03 03 03 03 03 03 03 E0 03 03
62E0: 03 03 03 03 03 03 03 03 03 03 03 03 03 03 03 03
62F0: 03 03 03 E0 03 03 03 03 F0 03 03 03 03 03 03 03
6300: 00 00 00 00 00 00 00 00 00 00 00 00 00 00 00 00
6310: 00 00 00 00 00 00 00 00 00 00 00 00 00 00 00 00
6320: 00 00 00 00 00 00 00 00 00 00 00 00 00 00 00 00
6330: 00 00 00 00 00 00 00 00 00 00 00 00 00 00 00 00
6340: 00 00 00 00 00 00 00 00 00 00 00 00 00 00 00 00
6350: 00 00 00 00 00 00 00 00 00 00 00 00 00 00 00 00
6360: 00 00 00 00 00 00 00 00 00 00 00 00 00 00 00 00
6370: 00 00 00 00 00 00 00 00 00 00 00 00 00 00 00 00
6380: 00 00 00 00 00 00 00 00 00 00 00 00 00 00 00 00
6390: 00 00 00 00 00 00 00 00 00 00 00 00 00 00 00 00
63A0: 00 00 00 00 00 00 00 00 00 00 00 00 00 00 00 00
63B0: 00 00 00 00 00 00 00 00 00 00 00 00 00 00 00 00
63C0: FF FF FF FF FF FF FF FF FF FF FF FF 00 0C 0C 00
63D0: A5 F5 F5 A5 C0 F0 30 00 00 03 0C 00 00 FF 33 00
63E0: 00 00 00 00 00 00 00 00 00 00 00 00 00 00 00 00
63F0: FF FF FF FF FF FF FF FF 0F 0F 0F 0F 0F 0F 0F 0F
6400: 00 00 00 00 00 00 00 00 00 00 00 00 00 00 00 00
6410: 00 00 00 00 00 00 00 00 00 00 00 00 00 00 00 00
6420: 00 00 00 00 00 00 00 00 00 00 00 00 00 00 00 00
6430: 00 00 00 00 00 00 00 00 00 00 00 00 00 00 00 00
6440: 00 00 00 00 00 00 00 00 00 00 00 00 00 00 00 00
6450: 00 00 00 00 00 00 00 00 00 00 00 00 00 00 00 00
6460: 00 00 00 00 00 00 00 00 00 00 00 00 00 00 00 00
6470: 00 00 00 00 00 00 00 00 00 00 00 00 00 00 00 00
6480: 47 48 48 48 48 49 02 02 02 02 47 48 48 48 48 49
6490: 00 00 02 02 02 02 FC 02 02 AE AF 8F 8F 8F AE AF
64A0: 47 48 48 48 48 49 02 02 02 02 47 48 48 48 48 49
64B0: 00 00 02 02 02 02 FC 8E 02 BE 9E 00 00 00 9F BF
64C0: 47 48 48 48 48 49 DC DC DC DC 47 48 48 48 48 49
64D0: 00 00 0B 0B 0B 0B FC 02 02 02 8B 8C 8C 8C 8D 02
64E0: 37 38 38 38 38 39 DC DC DC DC 37 38 38 38 38 39
64F0: 00 00 01 01 01 01 9C 9D 9D 9D 9D 9D 9D 9D 9D 9D
6500: 10 11 10 11 10 11 10 11 10 11 10 11 10 11 10 11
6510: 00 2F 2F 2F 2F 2F 2F 2F 2F 2F 2F 2F 2F 2F 2F 00
6520: 20 21 20 21 20 21 20 21 20 21 20 21 20 21 20 21
6530: 00 3F 3F 3F 3F 3F 3F 3F 3F 3F 3F 3F 3F 3F 3F 00
6540: EC EC EC BC BD 01 BB BC BD 01 BB BC BD EC EC EC
6550: 00 00 B5 00 7C 2E 7C 2E 7C 2E 01 34 00 00 00 00
6560: C5 C6 CE CC CD CA CB CC CD CA CB CC CD C4 C5 C6
6570: C7 00 A5 00 01 3E 01 65 66 3E 01 42 00 35 36 00
6580: D5 D6 DE 00 00 00 00 00 80 81 82 83 00 D4 D5 D6
6590: D7 00 A5 00 01 3E 01 75 76 3E 01 68 44 45 46 00
65A0: E5 E6 FC 00 00 00 00 00 90 91 92 93 00 FC E5 E6
65B0: 00 00 A5 00 01 3E 01 3E 01 3E 01 3E 54 55 56 00
65C0: F5 F6 FC 00 00 00 00 00 A0 A1 A2 A3 00 FC F5 F6
65D0: 00 00 A5 00 5E 5F 00 00 00 00 5E 5F 3A 3B 3C 00
65E0: DC DC DD 00 50 51 51 51 B0 B1 B2 B3 00 DC DC DD
65F0: 00 00 A5 00 1E 1F F7 FA FA FA 1E 1F 4A 4B 4C 00
6600: 04 04 04 04 04 04 04 04 04 04 04 04 04 04 04 04
6610: 04 04 04 04 04 04 04 04 04 04 04 04 5A 5B 5C 5D
6620: 03 03 03 03 03 03 03 03 03 03 03 03 03 03 03 03
6630: 03 03 03 03 03 03 03 03 03 03 03 03 03 03 03 53
6640: 03 E0 03 03 03 03 03 E0 03 03 03 03 03 03 03 03
6650: 03 03 E0 03 03 03 03 03 03 03 03 03 03 03 03 03
6660: 03 03 03 03 03 03 03 03 03 03 03 03 03 03 03 03
6670: 03 03 03 03 03 03 03 F0 03 03 03 03 E0 03 03 03
6680: 03 F0 03 03 03 E0 03 03 03 03 03 03 03 03 E0 03
6690: 03 03 03 03 03 03 03 03 03 03 03 03 03 03 03 03
66A0: 03 03 03 03 03 03 03 03 03 03 03 03 03 03 03 03
66B0: 03 03 03 03 03 03 03 03 03 03 03 03 03 03 03 03
66C0: 03 03 E0 03 03 03 F0 03 03 E0 03 03 03 03 03 F0
66D0: 03 03 03 03 E0 03 03 03 03 03 03 03 E0 F0 03 03
66E0: 03 03 03 03 03 03 03 03 03 03 03 03 03 03 03 03
66F0: 03 03 03 03 03 03 03 03 03 03 03 03 03 03 03 03
6700: 00 00 00 00 00 00 00 00 00 00 00 00 00 00 00 00
6710: 00 00 00 00 00 00 00 00 00 00 00 00 00 00 00 00
6720: 00 00 00 00 00 00 00 00 00 00 00 00 00 00 00 00
6730: 00 00 00 00 00 00 00 00 00 00 00 00 00 00 00 00
6740: 00 00 00 00 00 00 00 00 00 00 00 00 00 00 00 00
6750: 00 00 00 00 00 00 00 00 00 00 00 00 00 00 00 00
6760: 00 00 00 00 00 00 00 00 00 00 00 00 00 00 00 00
6770: 00 00 00 00 00 00 00 00 00 00 00 00 00 00 00 00
6780: 00 00 00 00 00 00 00 00 00 00 00 00 00 00 00 00
6790: 00 00 00 00 00 00 00 00 00 00 00 00 00 00 00 00
67A0: 00 00 00 00 00 00 00 00 00 00 00 00 00 00 00 00
67B0: 00 00 00 00 00 00 00 00 00 00 00 00 00 00 00 00
67C0: FF FF FF FF FF FF FF FF 00 0C 03 00 55 DD FF FF
67D0: 05 05 05 05 00 50 50 00 03 FF FF 0C 30 05 05 00
67E0: 00 00 00 00 00 00 00 00 00 00 00 00 00 00 00 00
67F0: FF FF FF FF FF FF FF FF 0F 0F 0F 0F 0F 0F 0F 0F
6800: 00 00 00 00 00 00 00 00 00 00 00 00 00 00 00 00
6810: 00 00 00 00 00 00 00 00 00 00 00 00 00 00 00 00
6820: 00 00 00 00 00 00 00 00 00 00 00 00 00 00 00 00
6830: 00 00 00 00 00 00 00 00 00 00 00 00 00 00 00 00
6840: 00 00 00 00 00 00 00 00 00 00 00 00 00 00 00 00
6850: 00 00 00 00 00 00 00 00 00 00 00 00 00 00 00 00
6860: 00 00 00 00 00 00 00 00 00 00 00 00 00 00 00 00
6870: 00 00 00 00 00 00 00 00 00 00 00 00 00 00 00 00
6880: 02 02 02 00 02 02 ED EE EF 00 24 24 25 00 A5 A5
6890: 24 24 25 26 24 24 ED EE EF 00 02 02 02 02 02 02
68A0: 02 02 02 00 02 02 ED EE EF 00 24 24 25 00 A5 A5
68B0: 24 24 25 26 24 24 ED EE EF 00 02 02 02 02 02 02
68C0: 02 02 8E 00 0B 0B ED EE EF 60 60 60 60 60 60 60
68D0: 60 60 60 60 60 60 ED EE EF 00 0B 0B 0B 0B 0B 0B
68E0: 9D 9D 9D 00 01 01 AB AC AD 70 70 70 70 70 70 70
68F0: 70 70 70 70 70 70 AB AC AD 00 01 01 01 01 01 01
6900: 11 10 11 10 11 10 11 10 11 10 11 10 11 10 11 00
6910: 11 10 11 10 11 10 11 10 11 10 11 10 11 10 11 10
6920: 21 20 21 20 21 20 21 20 21 20 21 20 21 20 21 00
6930: 21 20 21 20 21 20 21 20 21 20 21 20 21 20 21 20
6940: 7C 7C 7C 2E 00 00 00 00 00 00 27 28 28 28 29 00
6950: 6A 6A 6A 6A 6A 6A 30 31 30 31 30 31 30 31 30 31
6960: 01 61 62 3E DB 59 58 59 58 59 47 48 48 48 49 00
6970: 7A 7A 7A 7A 7A 7A 40 41 40 41 40 41 40 41 40 41
6980: 01 71 72 3E EB 69 03 69 03 69 47 48 48 48 49 00
6990: 7A 7A 7A 7A 7A 7A 00 00 00 00 00 00 00 00 00 00
69A0: 01 01 01 3E EB 69 03 69 03 69 37 38 38 38 39 00
69B0: 6B 6B 6B 6B 6B 6B D9 7E 00 00 00 7E 7E 7E 7E 7E
69C0: 01 63 64 3E FB 79 78 79 78 79 5F 5E 5F 5E 5F 00
69D0: 7B 7B 7B 7B 7B 7B E9 6F 00 00 6D 6E 6E 6F 6D 6E
69E0: 01 73 74 3E 00 00 00 00 00 00 1F 1E 1F 1E 1F 00
69F0: 6C 6C 6C 6C 6C 6C 00 7D 00 00 7D 00 00 7D 7D 00
6A00: 01 01 01 3E 23 04 04 04 04 04 04 04 04 04 04 04
6A10: 6C 6C 6C 6C 6C 6C 23 04 04 04 04 04 04 04 04 04
6A20: 01 01 01 3E 52 03 03 03 03 03 03 03 03 03 03 03
6A30: 04 04 04 04 04 32 03 03 03 03 03 03 03 03 03 03
6A40: 03 03 03 03 03 03 03 03 03 E0 03 03 03 03 03 03
6A50: 03 03 03 03 03 F0 03 03 03 03 03 03 E0 03 03 03
6A60: 03 03 03 03 03 03 03 03 03 03 03 03 03 03 03 03
6A70: 03 03 03 03 03 E0 03 03 03 03 03 03 03 03 03 03
6A80: E0 03 03 03 03 03 03 F0 03 03 03 03 03 03 03 03
6A90: 03 03 03 03 03 03 03 03 E0 03 03 03 03 03 03 03
6AA0: 03 03 03 03 03 03 03 03 03 03 E0 03 03 03 03 E0
6AB0: 03 03 03 03 03 03 03 03 03 03 03 03 03 03 03 03
6AC0: 03 03 03 03 E0 03 03 03 03 03 03 03 03 03 03 03
6AD0: F0 03 03 E0 03 03 03 03 03 03 E0 03 03 03 F0 03
6AE0: 03 03 F0 03 03 03 03 03 03 03 03 03 03 03 03 03
6AF0: 03 03 03 03 03 03 03 03 03 03 03 03 03 03 03 03
6B00: 00 00 00 00 00 00 00 00 00 00 00 00 00 00 00 00
6B10: 00 00 00 00 00 00 00 00 00 00 00 00 00 00 00 00
6B20: 00 00 00 00 00 00 00 00 00 00 00 00 00 00 00 00
6B30: 00 00 00 00 00 00 00 00 00 00 00 00 00 00 00 00
6B40: 00 00 00 00 00 00 00 00 00 00 00 00 00 00 00 00
6B50: 00 00 00 00 00 00 00 00 00 00 00 00 00 00 00 00
6B60: 00 00 00 00 00 00 00 00 00 00 00 00 00 00 00 00
6B70: 00 00 00 00 00 00 00 00 00 00 00 00 00 00 00 00
6B80: 00 00 00 00 00 00 00 00 00 00 00 00 00 00 00 00
6B90: 00 00 00 00 00 00 00 00 00 00 00 00 00 00 00 00
6BA0: 00 00 00 00 00 00 00 00 00 00 00 00 00 00 00 00
6BB0: 00 00 00 00 00 00 00 00 00 00 00 00 00 00 00 00
6BC0: FF FF FF FF FF FF FF FF FF 11 0C 00 03 03 44 55
6BD0: 5F FF 3F 0F 05 85 A5 A5 55 FF 33 00 00 88 A2 A0
6BE0: 05 00 00 00 00 00 00 00 00 00 00 00 00 00 00 00
6BF0: FF FF FF FF FF FF FF FF 0F 0F 0F 0F 0F 0F 0F 0F
6C00: 00 00 00 00 00 00 00 00 00 00 00 00 00 00 00 00
6C10: 00 00 00 00 00 00 00 00 00 00 00 00 00 00 00 00
6C20: 00 00 00 00 00 00 00 00 00 00 00 00 00 00 00 00
6C30: 00 00 00 00 00 00 00 00 00 00 00 00 00 00 00 00
6C40: 00 00 00 00 00 00 00 00 00 00 00 00 00 00 00 00
6C50: 00 00 00 00 00 00 00 00 00 00 00 00 00 00 00 00
6C60: 00 00 00 00 00 00 00 00 00 00 00 00 00 00 00 00
6C70: 00 00 00 00 00 00 00 00 00 00 00 00 00 00 00 00
6C80: 00 00 00 00 00 00 00 00 00 00 00 00 00 00 00 00
6C90: 00 00 00 00 00 00 00 00 00 00 00 00 00 00 00 00
6CA0: 00 00 00 00 00 00 00 00 00 00 00 00 00 00 00 00
6CB0: 00 00 00 00 00 00 00 00 00 00 00 00 00 00 00 00
6CC0: 00 00 00 00 00 00 00 00 00 00 00 00 00 00 00 00
6CD0: 00 00 00 00 00 00 00 00 00 00 00 00 00 00 00 00
6CE0: 00 00 00 00 00 00 00 00 00 00 00 00 00 00 00 00
6CF0: 00 00 00 00 00 00 00 00 00 00 00 00 00 00 00 00
6D00: 00 00 00 00 00 00 00 00 00 00 00 00 00 00 00 00
6D10: 00 00 00 00 00 00 00 00 00 00 00 00 00 00 00 00
6D20: 00 00 00 00 00 00 00 00 00 00 00 00 00 00 00 00
6D30: 00 00 00 00 00 00 00 00 00 00 00 00 00 00 00 00
6D40: 00 00 00 00 00 00 00 00 00 00 00 00 00 00 00 00
6D50: 00 00 00 00 00 00 00 00 00 00 00 00 00 00 00 00
6D60: 00 00 00 00 00 00 00 00 00 00 00 00 00 00 00 00
6D70: 00 00 00 00 00 00 00 00 00 00 00 00 00 00 00 00
6D80: 00 00 00 00 00 00 00 00 00 00 00 00 00 00 00 00
6D90: 00 00 00 00 00 00 00 00 00 00 00 00 00 00 00 00
6DA0: 00 00 00 00 00 00 00 00 00 00 00 00 00 00 00 00
6DB0: 00 00 00 00 00 00 00 00 00 00 00 00 00 00 00 00
6DC0: 00 00 00 00 00 00 00 00 00 00 00 00 00 00 00 00
6DD0: 00 00 00 00 00 00 00 00 00 00 00 00 00 00 00 00
6DE0: 00 00 00 00 00 00 00 00 00 00 00 00 00 00 00 00
6DF0: 00 00 00 00 00 00 00 00 00 00 00 00 00 00 00 00
6E00: 00 00 00 00 00 00 00 00 00 00 00 00 00 00 00 00
6E10: 00 00 00 00 00 00 00 00 00 00 00 00 00 00 00 00
6E20: 00 00 00 00 00 00 00 00 00 00 00 00 00 00 00 00
6E30: 00 00 00 00 00 00 00 00 00 00 00 00 00 00 00 00
6E40: 00 00 00 00 00 00 00 00 00 00 00 00 00 00 00 00
6E50: 00 00 00 00 00 00 00 00 00 00 00 00 00 00 00 00
6E60: 00 00 00 00 00 00 00 00 00 00 00 00 00 00 00 00
6E70: 00 00 00 00 00 00 00 00 00 00 00 00 00 00 00 00
6E80: 00 00 00 00 00 00 00 00 00 00 00 00 00 00 00 00
6E90: 00 00 00 00 00 00 00 00 00 00 00 00 00 00 00 00
6EA0: 00 00 00 00 00 00 00 00 00 00 00 00 00 00 00 00
6EB0: 00 00 00 00 00 00 00 00 00 00 00 00 00 00 00 00
6EC0: 00 00 00 00 00 00 00 00 00 00 00 00 00 00 00 00
6ED0: 00 00 00 00 00 00 00 00 00 00 00 00 00 00 00 00
6EE0: 00 00 00 00 00 00 00 00 00 00 00 00 00 00 00 00
6EF0: 00 00 00 00 00 00 00 00 00 00 00 00 00 00 00 00
6F00: 00 00 00 00 00 00 00 00 00 00 00 00 00 00 00 00
6F10: 00 00 00 00 00 00 00 00 00 00 00 00 00 00 00 00
6F20: 00 00 00 00 00 00 00 00 00 00 00 00 00 00 00 00
6F30: 00 00 00 00 00 00 00 00 00 00 00 00 00 00 00 00
6F40: 00 00 00 00 00 00 00 00 00 00 00 00 00 00 00 00
6F50: 00 00 00 00 00 00 00 00 00 00 00 00 00 00 00 00
6F60: 00 00 00 00 00 00 00 00 00 00 00 00 00 00 00 00
6F70: 00 00 00 00 00 00 00 00 00 00 00 00 00 00 00 00
6F80: 00 00 00 00 00 00 00 00 00 00 00 00 00 00 00 00
6F90: 00 00 00 00 00 00 00 00 00 00 00 00 00 00 00 00
6FA0: 00 00 00 00 00 00 00 00 00 00 00 00 00 00 00 00
6FB0: 00 00 00 00 00 00 00 00 00 00 00 00 00 00 00 00
6FC0: 00 00 00 00 00 00 00 00 00 00 00 00 00 00 00 00
6FD0: 00 00 00 00 00 00 00 00 00 00 00 00 00 00 00 00
6FE0: 00 00 00 00 00 00 00 00 00 00 00 00 00 00 00 00
6FF0: 00 00 00 00 00 00 00 00 00 00 00 00 00 00 00 00
7000: 00 00 00 00 00 00 F0 00 00 00 00 00 00 00 00 00
7010: 00 00 00 00 E0 00 00 00 00 00 00 00 00 00 00 00
7020: 01 00 00 00 00 00 00 00 00 00 00 00 00 00 00 00
7030: 00 00 00 00 00 00 00 00 00 00 00 00 00 00 00 00
7040: 00 E8 ED 00 00 00 00 00 00 00 00 00 00 00 00 00
7050: 00 00 00 80 80 00 00 80 80 80 00 00 00 00 00 00
7060: 00 00 00 00 00 00 00 00 00 00 00 00 00 00 00 00
7070: 00 00 03 00 00 00 00 00 00 00 00 00 00 00 00 FF
7080: 00 00 00 00 00 00 00 00 00 00 00 E5 00 00 00 00
7090: 00 00 00 00 00 00 00 B7 00 00 00 00 00 00 00 00
70A0: 00 00 00 FF FF FF FF 00 00 00 00 02 00 01 0C 00
70B0: 00 00 00 00 00 00 00 00 00 00 00 00 00 00 00 00
70C0: 00 00 00 00 00 00 00 00 00 00 00 00 00 00 00 00
70D0: 00 00 00 00 00 00 00 00 00 00 00 00 00 00 00 00
70E0: 00 00 00 00 00 00 00 00 00 00 00 00 00 00 00 00
70F0: 00 00 00 00 00 00 00 00 00 00 00 00 00 00 00 00
7100: 00 00 00 00 00 00 00 00 00 00 00 00 00 00 00 00
7110: 00 00 00 00 00 00 00 00 00 00 01 00 00 92 A9 9F
7120: 92 00 20 31 00 05 00 00 00 00 00 24 51 00 05 92
7130: A9 9F 92 00 24 31 00 05 00 00 00 00 00 20 43 00
7140: 05 88 96 9F 8B 00 20 23 00 05 00 00 00 00 00 24
7150: 43 00 05 88 96 9F 8B 00 24 23 00 05 00 00 00 00
7160: 00 20 56 00 08 D5 D5 00 00 00 00 00 00 20 76 00
7170: 08 D8 D8 00 00 00 00 00 00 24 56 00 07 00 00 00
7180: C2 C0 C0 CF 20 48 00 08 D5 D5 00 00 00 00 00 00
7190: 20 68 00 08 D8 D8 00 00 00 00 00 00 24 48 00 07
71A0: 00 00 00 C2 C0 C0 CF 27 21 00 01 7E 3F 00 00 10
71B0: 0F 07 17 27 0F 0C 2C 3C 0F 05 15 25 0F 00 10 30
71C0: 3F 10 00 10 0F 0F 30 26 0F 0F 25 26 0F 0F 30 10
71D0: 0F 0F 2A 26 27 21 00 01 00 27 21 00 01 7E 27 21
71E0: 00 01 00 03 E0 03 03 03 23 C8 00 01 FF 23 D0 00
71F0: 01 5F 23 D8 00 01 55 23 E0 00 01 05 23 E8 00 01
7200: 00 20 8A 04 14 1A 2A 2D 0E 10 20 0A 00 24 24 33
7210: 12 22 03 03 03 03 03 03 03 20 51 00 05 C6 C6 00
7220: 00 00 00 00 00 00 00 00 00 00 00 00 00 2A 76 00
7230: 00 B1 B1 B1 00 00 00 00 B1 B1 B1 2A 76 00 00 B1
7240: B1 B1 C0 C0 FF FF C0 C0 C0 00 00 00 00 00 00 00
7250: 00 00 05 05 00 00 09 06 05 00 31 24 00 00 66 88
7260: E8 00 01 01 00 00 02 01 00 00 17 1C 00 00 38 38
7270: 38 00 00 00 00 00 00 00 00 00 00 00 00 00 00 00
7280: 00 00 01 01 00 00 01 01 01 00 00 00 00 00 00 00
7290: 00 01 00 01 00 00 00 01 00 FF 1F 00 00 37 00 00
72A0: 00 01 00 01 00 00 00 01 20 00 4F 00 00 3F 00 00
72B0: 00 01 00 01 00 00 00 01 50 00 7F 00 00 37 00 00
72C0: 40 01 40 01 00 00 40 01 80 02 AF 02 38 39 00 00
72D0: 00 01 00 01 00 00 00 01 80 00 97 00 00 37 00 00
72E0: 00 01 00 01 00 00 00 01 98 00 5F 01 00 3F 00 00
72F0: 00 01 00 01 00 00 00 01 60 01 DF 01 00 3F 00 00
7300: 00 01 00 01 00 00 00 01 E0 01 FF 01 00 37 00 00
7310: 40 01 40 01 00 00 40 01 00 02 1F 02 30 31 00 00
7320: 00 01 00 01 00 00 00 01 20 02 7F 02 00 3F 00 00
7330: 00 01 00 01 00 00 00 01 80 02 AF 02 00 37 00 00
7340: 00 01 00 01 00 00 00 01 B0 02 FF 04 00 3F 00 00
7350: 0C 01 0C 01 00 00 0C 01 00 00 1F 00 38 3B 00 00
7360: 0C 01 0C 01 00 00 0C 01 50 00 7F 00 38 3B 00 00
7370: 00 01 00 01 00 00 00 01 20 00 4F 00 40 FE 20 00
7380: 00 01 00 01 00 00 00 01 98 00 CF 00 40 FE 20 00
7390: 00 01 00 01 00 00 00 01 20 01 3F 01 40 FE 20 00
73A0: 00 01 00 01 00 00 00 01 B0 01 CF 01 40 FE 20 00
73B0: 00 01 00 01 00 00 00 01 20 02 4F 02 40 FE 20 00
73C0: 00 01 00 01 00 00 00 01 B0 02 CF 02 40 FE 20 00
73D0: F0 01 F0 01 00 00 F0 01 00 FF FF FF 38 FE 00 00
73E0: F0 01 F0 01 00 00 F0 01 00 00 1F 00 3C FE 00 00
73F0: F0 01 F0 01 00 00 F0 01 50 00 7F 00 3C FE 00 00
7400: 00 01 00 01 00 00 00 01 00 02 1F 02 00 2F 00 00
7410: F0 01 F0 01 00 00 F0 01 80 00 97 00 38 FE 00 00
7420: F0 01 F0 01 00 00 F0 01 D0 00 1F 01 40 FE 00 00
7430: F0 01 F0 01 00 00 F0 01 40 01 AF 01 40 FE 00 00
7440: F0 01 F0 01 00 00 F0 01 D0 01 DF 01 40 FE 00 00
7450: F0 01 F0 01 00 00 F0 01 E0 01 FF 01 38 FE 00 00
7460: F0 01 F0 01 00 00 F0 01 00 02 1F 02 40 FE 00 00
7470: F0 01 F0 01 00 00 F0 01 50 02 AF 02 40 FE 00 00
7480: 00 01 00 01 00 00 00 01 80 02 AF 02 3A 3F 00 00
7490: F0 01 F0 01 00 00 F0 01 D0 02 FF 04 40 FE 00 00
74A0: 00 01 00 01 00 00 00 01 00 02 1F 02 32 3F 00 00
74B0: FF FF 00 00 00 00 00 00 00 00 00 00 00 00 00 00
74C0: 00 00 00 00 00 00 00 00 00 00 00 00 00 00 00 00
74D0: 00 00 00 00 00 00 00 00 00 00 00 00 00 00 00 00
74E0: 00 00 00 00 00 00 00 00 00 00 00 00 00 00 00 00
74F0: 00 00 00 00 00 00 00 00 00 00 00 00 00 00 00 00
7500: 00 00 00 00 00 00 00 00 00 00 00 00 00 00 00 00
7510: 00 00 00 00 00 00 00 00 00 00 00 00 00 00 00 00
7520: 00 00 00 00 00 00 00 00 00 00 00 00 00 00 00 00
7530: 00 00 00 00 00 00 00 00 00 00 00 00 00 00 00 00
7540: 00 00 00 00 00 00 00 00 00 00 00 00 00 00 00 00
7550: 00 00 00 00 00 00 00 00 00 00 00 00 00 00 00 00
7560: 00 00 00 00 00 00 00 00 00 00 00 00 00 00 00 00
7570: 00 00 00 00 00 00 00 00 00 00 00 00 00 00 00 00
7580: 00 00 00 00 00 00 00 00 00 00 00 00 00 00 00 00
7590: 00 00 00 00 00 00 00 00 00 00 00 00 00 00 00 00
75A0: 00 00 00 00 00 00 00 00 00 00 00 00 00 00 00 00
75B0: 00 00 00 00 00 00 00 00 00 00 00 00 00 00 00 00
75C0: 00 00 00 00 00 00 00 00 00 00 08 08 00 00 08 08
75D0: 08 00 F8 F8 00 00 F8 F8 F8 00 20 20 00 00 10 0C
75E0: 04 00 00 00 00 00 00 00 00 00 00 00 00 00 00 00
75F0: 00 00 00 00 00 00 00 00 00 00 08 00 00 00 00 00
7600: 00 00 01 FF 00 00 00 00 00 00 00 00 00 00 00 00
7610: 00 00 00 00 00 00 00 00 00 00 00 00 00 00 00 00
7620: 00 00 00 00 00 00 00 00 00 00 00 00 00 00 00 00
7630: 00 00 00 00 00 00 00 00 00 00 00 00 00 00 00 00
7640: 00 00 00 00 00 00 00 00 00 00 00 00 00 00 00 00
7650: 00 00 00 00 00 00 00 00 00 00 00 00 00 00 00 00
7660: 10 00 00 00 07 00 00 00 00 00 00 00 00 00 00 00
7670: 00 00 00 00 00 00 00 00 00 02 20 03 00 00 00 00
7680: 00 00 00 00 00 00 00 00 00 00 00 00 00 00 00 00
7690: 33 00 00 00 00 00 00 00 01 02 00 00 00 00 00 00
76A0: 00 00 00 00 00 00 00 00 00 00 00 00 00 00 00 00
76B0: 80 00 00 FF 80 80 80 00 80 80 80 00 00 00 00 00
76C0: 00 00 00 00 00 00 00 00 00 00 00 00 90 00 28 00
76D0: 01 04 A8 00 30 00 01 05 50 02 18 00 01 09 38 02
76E0: 28 00 01 09 03 E8 00 38 00 01 05 41 88 01 38 00
76F0: 01 06 42 66 02 38 00 01 09 40 00 00 00 00 00 00
7700: 00 07 00 00 00 10 E0 FF 00 00 00 00 40 00 01 80
7710: 00 04 C0 00 05 00 01 05 40 01 05 80 01 06 C0 01
7720: 06 FE 01 07 40 02 09 80 02 0A C0 02 0B 00 03 0B
7730: 10 03 0B 20 03 0B 08 E0 FF 01 00 00 01 80 00 02
7740: C0 00 04 00 01 00 00 00 00 00 00 00 00 00 00 00
7750: 00 00 00 00 00 00 00 00 00 00 00 00 00 00 00 00
7760: 00 00 00 00 00 00 00 00 00 00 00 00 00 00 00 00
7770: 00 00 00 00 00 00 00 00 00 00 00 EF FF 00 00 00
7780: 00 00 00 00 00 00 00 00 00 00 00 00 00 00 00 00
7790: 00 0F 0F 30 26 0F 0F 25 26 0F 0F 30 10 0F 0F 2A
77A0: 26 00 00 00 00 00 00 00 00 01 FF 00 00 00 00 00
77B0: 00 00 00 00 00 00 00 00 00 00 00 00 00 00 00 00
77C0: 00 00 00 00 00 00 00 00 00 00 00 00 00 00 00 00
77D0: 00 00 00 00 00 00 00 00 00 00 00 00 00 00 00 00
77E0: 00 00 00 00 00 00 00 00 00 00 00 00 00 00 00 00
77F0: 00 00 00 00 00 00 00 00 00 00 00 00 00 00 00 00
7800: 00 00 00 00 00 00 00 00 00 00 00 00 00 80 80 00
7810: 00 00 00 00 00 00 00 00 00 00 00 00 00 00 00 00
7820: 00 00 00 00 00 00 00 00 00 00 91 00 00 00 00 00
7830: 00 00 00 00 00 00 00 00 00 00 00 00 00 00 00 00
7840: 00 00 00 00 00 00 00 00 00 00 00 00 00 00 00 00
7850: 00 00 00 00 00 00 00 00 00 00 00 00 00 00 00 00
7860: 00 00 00 00 00 00 00 00 00 00 00 00 00 00 00 00
7870: 00 00 00 00 00 00 00 00 00 00 00 00 00 00 00 00
7880: 00 00 00 00 00 00 00 00 00 00 00 00 00 00 00 00
7890: 00 00 00 00 00 00 00 00 00 00 00 00 00 00 00 00
78A0: 00 00 00 00 00 00 00 00 00 00 00 00 00 00 00 00
78B0: 00 00 00 00 00 00 00 00 00 00 00 00 00 00 00 00
78C0: 00 00 00 00 00 00 00 00 00 00 00 00 00 00 00 00
78D0: 00 00 00 00 00 00 00 00 00 00 00 00 00 00 00 00
78E0: 00 00 00 00 00 00 00 00 00 00 00 00 00 00 00 00
78F0: 00 00 00 00 00 00 00 00 00 00 00 00 00 00 00 00
7900: BF 3E 02 00 BF 3E 02 00 BF 00 00 00 BF 00 00 00
7910: BF 00 00 00 BF 00 00 00 BF 00 00 00 BF 00 00 00
7920: BF 00 00 00 BF 00 00 00 BF 00 00 00 BF 00 00 00
7930: BF 00 00 00 BF 00 00 00 BF 00 00 00 BF 00 00 00
7940: BF 00 00 00 BF 00 00 00 BF 00 00 00 BF 00 00 00
7950: BF 00 00 00 BF 00 00 00 BF 00 00 00 BF 00 00 00
7960: BF 00 00 00 BF 00 00 00 BF 00 00 00 BF 00 00 00
7970: BF 00 00 00 BF 00 00 00 BF 00 00 00 BF 00 00 00
7980: BF 00 00 00 BF 00 00 00 BF 00 00 00 BF 00 00 00
7990: BF 00 00 00 BF 00 00 00 BF 00 00 00 BF 58 40 00
79A0: 89 CF 40 81 89 CE 40 89 A1 71 40 81 A1 70 40 89
79B0: 99 61 40 80 99 60 40 88 91 51 40 81 91 50 40 89
79C0: 84 8F 40 74 84 8E 40 7C 9C 71 43 74 9C 70 43 7C
79D0: 94 61 43 73 94 60 43 7B 8C 51 43 74 8C 50 43 7C
79E0: 78 03 00 D8 80 13 00 D8 80 13 40 E0 78 03 40 E0
79F0: 78 14 40 D0 84 19 40 3C 84 16 00 34 84 16 40 44
7A00: 3F 3F 00 00 3F 3F 00 00 0F 0F 00 00 0F 0F 00 00
7A10: 0F 0F 00 00 0F 0F 00 00 0F 0F 00 00 0F 0F 00 00
7A20: 0F 0F 00 00 0F 0F 00 00 3F 3F 00 00 3F 3F 00 00
7A30: 01 10 00 02 01 B1 00 FF 00 FF 00 00 00 00 00 00
7A40: 01 00 02 09 01 B1 00 FF 02 FF 01 00 02 00 00 00
7A50: 00 00 00 00 00 00 00 00 00 00 00 00 00 00 00 00
7A60: 00 00 00 00 00 00 00 00 00 00 00 00 00 00 00 00
7A70: 00 00 00 00 00 00 00 00 00 00 00 00 00 00 00 00
7A80: 00 00 00 00 00 00 00 00 00 00 00 00 00 00 00 00
7A90: 02 08 00 00 00 00 00 00 00 00 00 80 01 00 00 00
7AA0: 00 00 00 80 00 00 00 00 00 00 00 00 00 00 00 00
7AB0: 00 00 00 00 00 00 00 00 00 00 00 00 00 00 00 00
7AC0: 00 00 00 00 00 00 00 00 00 00 00 00 00 00 00 00
7AD0: 00 00 00 00 00 00 00 00 00 00 00 00 00 00 00 00
7AE0: 00 02 00 00 02 00 01 19 01 00 00 40 00 00 00 00
7AF0: 00 00 00 00 09 00 00 00 00 00 00 88 96 9F 8B 80
7B00: A8 87 0A AB 83 1C AE 0F 83 80 0C B6 83 87 91 90
7B10: 92 82 91 80 90 92 0C 80 80 87 AE 8D 89 80 0A AE
7B20: 8B 88 80 92 A9 9F 92 80 9A AE 8C AB 83 9D 82 A9
7B30: 9F AE 00 3F 2E 40 5C 4C 5A 2C 88 3F 5E 64 3F 40
7B40: 26 B2 2C 40 44 3E 3F 64 4A 0F 43 2E 2B 30 2D 38
7B50: 15 0F 23 12 0F 23 38 1F 43 63 29 1D 0F 20 1A 0F
7B60: 1C 1B 40 1A 10 14 23 0F 5B 1C 0F 10 26 34 20 1A
7B70: 11 2F 0F 2C 48 0F 2C 2B 3A 33 36 50 1D 0F 3B 1A
7B80: 0F 27 4E 15 43 43 27 1B 0F 18 1F 0F 31 28 25 36
7B90: 36 31 06 0F 29 16 0F 25 33 31 69 49 20 25 0F 2F
7BA0: 27 3F 2E 40 5C 4C 5A 2C 88 3F 5E 64 3F 40 26 B2
7BB0: 2C 40 44 3E 3F 64 4A 01 01 01 01 01 01 01 01 01
7BC0: 01 01 01 01 01 01 01 01 01 01 01 01 01 01 01 01
7BD0: 01 01 01 01 01 01 01 01 01 01 01 01 01 01 01 01
7BE0: 01 01 01 01 01 01 01 01 01 01 01 01 01 01 01 01
7BF0: 01 01 01 01 01 01 01 01 01 01 01 01 01 01 01 01
7C00: 01 01 01 01 01 01 01 01 01 01 01 01 01 01 01 01
7C10: 01 01 01 01 01 01 01 01 01 01 01 01 01 01 01 01
7C20: 01 01 01 01 01 01 01 01 01 01 01 01 01 01 01 01
7C30: 01 01 01 01 01 01 01 01 01 40 80 00 00 00 00 08
7C40: 00 00 00 00 00 00 02 01 80 80 00 08 00 00 00 00
7C50: 00 00 00 00 00 00 00 09 10 04 00 00 00 00 00 00
7C60: 00 00 00 00 00 40 00 00 00 00 09 00 00 40 80 00
7C70: 00 00 00 08 00 00 00 00 00 00 02 01 80 80 00 08
7C80: 00 00 00 00 00 00 00 00 00 00 00 09 10 04 00 00
7C90: 00 00 00 00 00 00 00 00 00 02 02 02 01 02 02 02
7CA0: 00 00 00 00 00 00 19 00 00 00 00 00 00 00 00 00
7CB0: 00 00 00 00 00 00 00 00 00 00 00 00 00 00 00 00
7CC0: 00 00 00 00 00 00 00 00 00 00 00 00 00 00 00 00
7CD0: 00 00 00 00 00 00 00 00 00 00 00 00 00 00 00 00
7CE0: 00 00 04 C9 10 90 1D 20 49 FD A5 4B 30 16 AD 05
7CF0: 05 C9 02 D0 04 A5 4C 30 0B AD 39 78 29 EF 8D 39
7D00: 00 00 00 00 00 00 00 00 00 00 00 00 00 00 00 00
7D10: 00 00 00 00 00 00 00 00 00 00 00 00 00 00 00 00
7D20: 00 00 00 00 00 00 00 00 00 00 00 00 00 00 00 00
7D30: 00 00 00 00 00 00 00 00 00 00 00 00 00 00 00 00
7D40: 00 00 00 00 00 00 00 00 00 00 00 00 00 00 00 00
7D50: 00 00 00 00 00 00 00 00 00 00 00 00 00 00 00 00
7D60: 00 00 00 00 00 00 00 00 00 00 00 00 00 00 00 00
7D70: 00 00 00 00 00 00 00 00 00 00 00 00 00 00 00 00
7D80: 00 00 00 00 00 00 00 00 00 00 00 00 00 00 00 00
7D90: 00 00 00 00 00 00 00 00 00 00 00 00 00 00 00 00
7DA0: 00 00 00 00 00 00 00 00 00 00 00 00 00 00 00 00
7DB0: 00 00 00 00 00 00 00 00 00 00 00 00 00 00 00 00
7DC0: 00 00 00 00 00 00 00 00 00 00 00 00 00 00 00 00
7DD0: 00 00 00 00 00 00 00 00 00 00 00 00 00 00 00 00
7DE0: 00 00 00 00 00 00 00 00 00 00 00 00 00 00 00 00
7DF0: 00 00 00 00 00 00 00 00 00 00 00 00 00 00 00 00
7E00: 00 00 00 00 00 00 00 00 00 00 00 00 00 00 00 00
7E10: 00 00 00 00 00 00 00 00 00 00 00 00 00 00 00 00
7E20: 00 00 00 00 00 00 00 00 00 00 00 00 00 00 00 00
7E30: 00 00 00 00 00 00 00 00 00 00 00 00 00 00 00 00
7E40: 00 00 00 00 00 00 00 00 00 00 00 00 00 00 00 00
7E50: 00 00 00 00 00 00 00 00 00 00 00 00 00 00 00 00
7E60: 00 00 00 00 00 00 00 00 00 00 00 00 00 00 00 00
7E70: 00 00 00 00 00 00 00 00 00 00 00 00 00 00 00 00
7E80: 00 00 00 00 00 00 00 00 00 00 00 00 00 00 00 00
7E90: 00 00 00 00 00 00 00 00 00 00 00 00 00 00 00 00
7EA0: 00 00 00 00 00 00 00 00 00 00 00 00 00 00 00 00
7EB0: 00 00 00 00 00 00 00 00 00 00 00 00 00 00 00 00
7EC0: 00 00 00 00 00 00 00 00 00 00 00 00 00 00 00 00
7ED0: 00 00 00 00 00 00 00 00 00 00 00 00 00 00 00 00
7EE0: 00 00 00 00 00 00 00 00 00 00 00 00 00 00 00 00
7EF0: 00 00 00 00 00 00 00 00 00 00 00 00 00 00 00 00
7F00: 00 00 00 00 00 00 00 00 00 00 00 00 00 00 00 00
7F10: 00 00 00 00 00 00 00 00 00 00 00 00 00 00 00 00
7F20: 00 00 00 00 00 00 00 00 00 00 00 00 00 00 00 00
7F30: 00 00 00 00 00 00 00 00 00 00 00 00 00 00 00 00
7F40: 00 00 00 00 00 00 00 00 00 00 00 00 00 00 00 00
7F50: 00 00 00 00 00 00 00 00 00 00 00 00 00 00 00 00
7F60: 00 00 00 00 00 00 00 00 00 00 00 00 00 00 00 00
7F70: 00 00 00 00 00 00 00 00 00 00 00 00 00 00 00 00
7F80: 00 00 00 00 00 00 00 00 00 00 00 00 00 00 00 00
7F90: 00 00 00 00 00 00 00 00 00 00 00 00 00 00 00 00
7FA0: 00 00 00 00 00 00 00 00 00 00 00 00 00 00 00 00
7FB0: 00 00 00 00 00 00 00 00 00 00 00 00 00 00 00 00
7FC0: 00 00 00 00 00 00 00 00 00 00 00 00 00 00 00 00
7FD0: 00 00 00 00 00 00 00 00 00 00 00 00 00 00 00 00
7FE0: 00 00 00 00 00 00 00 00 00 00 00 00 00 00 00 00
7FF0: 00 00 00 00 00 00 00 00 00 00 00 00 00 00 00 00
