2000: 08 06 06 00 00 00 00 00 08 06 06 00 00 00 00 00
2010: 08 06 06 00 00 00 00 00 08 06 06 00 00 00 00 00
2020: 08 06 06 00 00 00 00 00 08 06 06 00 00 00 00 00
2030: 08 06 06 00 00 00 00 00 08 06 06 00 00 00 00 00
2040: 08 06 06 00 00 00 00 00 08 06 06 00 00 00 00 00
2050: 08 06 06 00 00 00 00 00 08 06 06 00 00 00 00 00
2060: 08 06 06 00 00 00 00 00 08 06 06 00 00 00 00 00
2070: 08 06 06 00 00 00 00 00 08 06 06 00 00 00 00 00
2080: 08 06 06 00 00 00 00 00 08 06 06 00 00 00 00 00
2090: 08 06 06 00 00 00 00 00 08 06 06 00 00 00 00 00
20A0: 08 06 06 00 00 00 00 00 08 06 06 00 00 00 00 00
20B0: 08 06 06 00 00 00 00 00 08 06 06 00 00 00 00 00
20C0: 08 06 06 00 00 00 00 00 08 06 06 00 00 00 00 00
20D0: 08 06 06 00 00 00 00 00 08 06 06 00 00 00 00 00
20E0: 08 06 06 00 00 00 00 00 08 06 06 00 00 00 00 00
20F0: 08 06 06 00 00 00 00 00 08 06 06 00 00 00 00 00
2100: 08 06 06 00 00 00 00 00 08 06 06 00 00 00 00 00
2110: 08 06 06 00 00 00 00 00 08 06 06 00 00 00 00 00
2120: 08 06 06 00 00 00 00 00 08 06 06 00 00 00 00 00
2130: 08 06 06 00 00 00 00 00 08 06 06 00 00 00 00 00
2140: 08 06 06 00 00 00 00 00 08 06 06 00 00 00 00 00
2150: 08 06 06 00 00 00 00 00 08 06 06 00 00 00 00 00
2160: 08 06 06 00 00 00 00 00 08 06 06 00 00 00 00 00
2170: 08 06 06 00 00 00 00 00 08 06 06 00 00 00 00 00
2180: 08 06 06 00 00 00 00 00 08 06 06 00 00 00 00 00
2190: 08 06 06 00 00 00 00 00 08 06 06 00 00 00 00 00
21A0: 08 06 06 00 00 00 00 00 08 06 06 00 00 00 00 00
21B0: 08 06 06 00 00 00 00 00 08 06 06 00 00 00 00 00
21C0: 08 06 06 00 00 00 00 00 08 06 06 00 00 00 00 00
21D0: 08 06 06 00 00 00 00 00 08 06 06 00 00 00 00 00
21E0: 08 06 06 00 00 00 00 00 08 06 06 00 00 00 00 00
21F0: 08 06 06 00 00 00 00 00 08 06 06 00 00 00 00 00
2200: 08 06 06 00 00 00 00 00 08 06 06 00 00 00 00 00
2210: 08 06 06 00 00 00 00 00 08 06 06 00 00 00 00 00
2220: 08 06 06 00 00 00 00 00 08 06 06 00 00 00 00 00
2230: 08 06 06 00 00 00 00 00 08 06 06 00 00 00 00 00
2240: 08 06 06 00 00 00 00 00 08 06 06 00 00 00 00 00
2250: 08 06 06 00 00 00 00 00 08 06 06 00 00 00 00 00
2260: 08 06 06 00 00 00 00 00 08 06 06 00 00 00 00 00
2270: 08 06 06 00 00 00 00 00 08 06 06 00 00 00 00 00
2280: 08 06 06 00 00 00 00 00 08 06 06 00 00 00 00 00
2290: 08 06 06 00 00 00 00 00 08 06 06 00 00 00 00 00
22A0: 08 06 06 00 00 00 00 00 08 06 06 00 00 00 00 00
22B0: 08 06 06 00 00 00 00 00 08 06 06 00 00 00 00 00
22C0: 08 06 06 00 00 00 00 00 08 06 06 00 00 00 00 00
22D0: 08 06 06 00 00 00 00 00 08 06 06 00 00 00 00 00
22E0: 08 06 06 00 00 00 00 00 08 06 06 00 00 00 00 00
22F0: 08 06 06 00 00 00 00 00 08 06 06 00 00 00 00 00
2300: 08 06 06 00 00 00 00 00 08 06 06 00 00 00 00 00
2310: 08 06 06 00 00 00 00 00 08 06 06 00 00 00 00 00
2320: 08 06 06 00 00 00 00 00 08 06 06 00 00 00 00 00
2330: 08 06 06 00 00 00 00 00 08 06 06 00 00 00 00 00
2340: 08 06 06 00 00 00 00 00 08 06 06 00 00 00 00 00
2350: 08 06 06 00 00 00 00 00 08 06 06 00 00 00 00 00
2360: 08 06 06 00 00 00 00 00 08 06 06 00 00 00 00 00
2370: 08 06 06 00 00 00 00 00 08 06 06 00 00 00 00 00
2380: 08 06 06 00 00 00 00 00 08 06 06 00 00 00 00 00
2390: 08 06 06 00 00 00 00 00 08 06 06 00 00 00 00 00
23A0: 08 06 06 00 00 00 00 00 08 06 06 00 00 00 00 00
23B0: 08 06 06 00 00 00 00 00 08 06 06 00 00 00 00 00
23C0: 08 06 06 00 00 00 00 00 08 06 06 00 00 00 00 00
23D0: 08 06 06 00 00 00 00 00 08 06 06 00 00 00 00 00
23E0: 08 06 06 00 00 00 00 00 08 06 06 00 00 00 00 00
23F0: 08 06 06 00 00 00 00 00 08 06 06 00 00 00 00 00
2400: 08 06 06 00 00 00 00 00 08 06 06 00 00 00 00 00
2410: 08 06 06 00 00 00 00 00 08 06 06 00 00 00 00 00
2420: 08 06 06 00 00 00 00 00 08 06 06 00 00 00 00 00
2430: 08 06 06 00 00 00 00 00 08 06 06 00 00 00 00 00
2440: 08 06 06 00 00 00 00 00 08 06 06 00 00 00 00 00
2450: 08 06 06 00 00 00 00 00 08 06 06 00 00 00 00 00
2460: 08 06 06 00 00 00 00 00 08 06 06 00 00 00 00 00
2470: 08 06 06 00 00 00 00 00 08 06 06 00 00 00 00 00
2480: 08 06 06 00 00 00 00 00 08 06 06 00 00 00 00 00
2490: 08 06 06 00 00 00 00 00 08 06 06 00 00 00 00 00
24A0: 08 06 06 00 00 00 00 00 08 06 06 00 00 00 00 00
24B0: 08 06 06 00 00 00 00 00 08 06 06 00 00 00 00 00
24C0: 08 06 06 00 00 00 00 00 08 06 06 00 00 00 00 00
24D0: 08 06 06 00 00 00 00 00 08 06 06 00 00 00 00 00
24E0: 08 06 06 00 00 00 00 00 08 06 06 00 00 00 00 00
24F0: 08 06 06 00 00 00 00 00 08 06 06 00 00 00 00 00
2500: 08 06 06 00 00 00 00 00 08 06 06 00 00 00 00 00
2510: 08 06 06 00 00 00 00 00 08 06 06 00 00 00 00 00
2520: 08 06 06 00 00 00 00 00 08 06 06 00 00 00 00 00
2530: 08 06 06 00 00 00 00 00 08 06 06 00 00 00 00 00
2540: 08 06 06 00 00 00 00 00 08 06 06 00 00 00 00 00
2550: 08 06 06 00 00 00 00 00 08 06 06 00 00 00 00 00
2560: 08 06 06 00 00 00 00 00 08 06 06 00 00 00 00 00
2570: 08 06 06 00 00 00 00 00 08 06 06 00 00 00 00 00
2580: 08 06 06 00 00 00 00 00 08 06 06 00 00 00 00 00
2590: 08 06 06 00 00 00 00 00 08 06 06 00 00 00 00 00
25A0: 08 06 06 00 00 00 00 00 08 06 06 00 00 00 00 00
25B0: 08 06 06 00 00 00 00 00 08 06 06 00 00 00 00 00
25C0: 08 06 06 00 00 00 00 00 08 06 06 00 00 00 00 00
25D0: 08 06 06 00 00 00 00 00 08 06 06 00 00 00 00 00
25E0: 08 06 06 00 00 00 00 00 08 06 06 00 00 00 00 00
25F0: 08 06 06 00 00 00 00 00 08 06 06 00 00 00 00 00
2600: 08 06 06 00 00 00 00 00 08 06 06 00 00 00 00 00
2610: 08 06 06 00 00 00 00 00 08 06 06 00 00 00 00 00
2620: 08 06 06 00 00 00 00 00 08 06 06 00 00 00 00 00
2630: 08 06 06 00 00 00 00 00 08 06 06 00 00 00 00 00
2640: 08 06 06 00 00 00 00 00 08 06 06 00 00 00 00 00
2650: 08 06 06 00 00 00 00 00 08 06 06 00 00 00 00 00
2660: 08 06 06 00 00 00 00 00 08 06 06 00 00 00 00 00
2670: 08 06 06 00 00 00 00 00 08 06 06 00 00 00 00 00
2680: 08 06 06 00 00 00 00 00 08 06 06 00 00 00 00 00
2690: 08 06 06 00 00 00 00 00 08 06 06 00 00 00 00 00
26A0: 08 06 06 00 00 00 00 00 08 06 06 00 00 00 00 00
26B0: 08 06 06 00 00 00 00 00 08 06 06 00 00 00 00 00
26C0: 08 06 06 00 00 00 00 00 08 06 06 00 00 00 00 00
26D0: 08 06 06 00 00 00 00 00 08 06 06 00 00 00 00 00
26E0: 08 06 06 00 00 00 00 00 08 06 06 00 00 00 00 00
26F0: 08 06 06 00 00 00 00 00 08 06 06 00 00 00 00 00
2700: 08 06 06 00 00 00 00 00 08 06 06 00 00 00 00 00
2710: 08 06 06 00 00 00 00 00 08 06 06 00 00 00 00 00
2720: 08 06 06 00 00 00 00 00 08 06 06 00 00 00 00 00
2730: 08 06 06 00 00 00 00 00 08 06 06 00 00 00 00 00
2740: 08 06 06 00 00 00 00 00 08 06 06 00 00 00 00 00
2750: 08 06 06 00 00 00 00 00 08 06 06 00 00 00 00 00
2760: 08 06 06 00 00 00 00 00 08 06 06 00 00 00 00 00
2770: 08 06 06 00 00 00 00 00 08 06 06 00 00 00 00 00
2780: 08 06 06 00 00 00 00 00 08 06 06 00 00 00 00 00
2790: 08 06 06 00 00 00 00 00 08 06 06 00 00 00 00 00
27A0: 08 06 06 00 00 00 00 00 08 06 06 00 00 00 00 00
27B0: 08 06 06 00 00 00 00 00 08 06 06 00 00 00 00 00
27C0: 08 06 06 00 00 00 00 00 08 06 06 00 00 00 00 00
27D0: 08 06 06 00 00 00 00 00 08 06 06 00 00 00 00 00
27E0: 08 06 06 00 00 00 00 00 08 06 06 00 00 00 00 00
27F0: 08 06 06 00 00 00 00 00 08 06 06 00 00 00 00 00
2800: 08 06 06 00 00 00 00 00 08 06 06 00 00 00 00 00
2810: 08 06 06 00 00 00 00 00 08 06 06 00 00 00 00 00
2820: 08 06 06 00 00 00 00 00 08 06 06 00 00 00 00 00
2830: 08 06 06 00 00 00 00 00 08 06 06 00 00 00 00 00
2840: 08 06 06 00 00 00 00 00 08 06 06 00 00 00 00 00
2850: 08 06 06 00 00 00 00 00 08 06 06 00 00 00 00 00
2860: 08 06 06 00 00 00 00 00 08 06 06 00 00 00 00 00
2870: 08 06 06 00 00 00 00 00 08 06 06 00 00 00 00 00
2880: 08 06 06 00 00 00 00 00 08 06 06 00 00 00 00 00
2890: 08 06 06 00 00 00 00 00 08 06 06 00 00 00 00 00
28A0: 08 06 06 00 00 00 00 00 08 06 06 00 00 00 00 00
28B0: 08 06 06 00 00 00 00 00 08 06 06 00 00 00 00 00
28C0: 08 06 06 00 00 00 00 00 08 06 06 00 00 00 00 00
28D0: 08 06 06 00 00 00 00 00 08 06 06 00 00 00 00 00
28E0: 08 06 06 00 00 00 00 00 08 06 06 00 00 00 00 00
28F0: 08 06 06 00 00 00 00 00 08 06 06 00 00 00 00 00
2900: 08 06 06 00 00 00 00 00 08 06 06 00 00 00 00 00
2910: 08 06 06 00 00 00 00 00 08 06 06 00 00 00 00 00
2920: 08 06 06 00 00 00 00 00 08 06 06 00 00 00 00 00
2930: 08 06 06 00 00 00 00 00 08 06 06 00 00 00 00 00
2940: 08 06 06 00 00 00 00 00 08 06 06 00 00 00 00 00
2950: 08 06 06 00 00 00 00 00 08 06 06 00 00 00 00 00
2960: 08 06 06 00 00 00 00 00 08 06 06 00 00 00 00 00
2970: 08 06 06 00 00 00 00 00 08 06 06 00 00 00 00 00
2980: 08 06 06 00 00 00 00 00 08 06 06 00 00 00 00 00
2990: 08 06 06 00 00 00 00 00 08 06 06 00 00 00 00 00
29A0: 08 06 06 00 00 00 00 00 08 06 06 00 00 00 00 00
29B0: 08 06 06 00 00 00 00 00 08 06 06 00 00 00 00 00
29C0: 08 06 06 00 00 00 00 00 08 06 06 00 00 00 00 00
29D0: 08 06 06 00 00 00 00 00 08 06 06 00 00 00 00 00
29E0: 08 06 06 00 00 00 00 00 08 06 06 00 00 00 00 00
29F0: 08 06 06 00 00 00 00 00 08 06 06 00 00 00 00 00
2A00: 08 06 06 00 00 00 00 00 08 06 06 00 00 00 00 00
2A10: 08 06 06 00 00 00 00 00 08 06 06 00 00 00 00 00
2A20: 08 06 06 00 00 00 00 00 08 06 06 00 00 00 00 00
2A30: 08 06 06 00 00 00 00 00 08 06 06 00 00 00 00 00
2A40: 08 06 06 00 00 00 00 00 08 06 06 00 00 00 00 00
2A50: 08 06 06 00 00 00 00 00 08 06 06 00 00 00 00 00
2A60: 08 06 06 00 00 00 00 00 08 06 06 00 00 00 00 00
2A70: 08 06 06 00 00 00 00 00 08 06 06 00 00 00 00 00
2A80: 08 06 06 00 00 00 00 00 08 06 06 00 00 00 00 00
2A90: 08 06 06 00 00 00 00 00 08 06 06 00 00 00 00 00
2AA0: 08 06 06 00 00 00 00 00 08 06 06 00 00 00 00 00
2AB0: 08 06 06 00 00 00 00 00 08 06 06 00 00 00 00 00
2AC0: 08 06 06 00 00 00 00 00 08 06 06 00 00 00 00 00
2AD0: 08 06 06 00 00 00 00 00 08 06 06 00 00 00 00 00
2AE0: 08 06 06 00 00 00 00 00 08 06 06 00 00 00 00 00
2AF0: 08 06 06 00 00 00 00 00 08 06 06 00 00 00 00 00
2B00: 08 06 06 00 00 00 00 00 08 06 06 00 00 00 00 00
2B10: 08 06 06 00 00 00 00 00 08 06 06 00 00 00 00 00
2B20: 08 06 06 00 00 00 00 00 08 06 06 00 00 00 00 00
2B30: 08 06 06 00 00 00 00 00 08 06 06 00 00 00 00 00
2B40: 08 06 06 00 00 00 00 00 08 06 06 00 00 00 00 00
2B50: 08 06 06 00 00 00 00 00 08 06 06 00 00 00 00 00
2B60: 08 06 06 00 00 00 00 00 08 06 06 00 00 00 00 00
2B70: 08 06 06 00 00 00 00 00 08 06 06 00 00 00 00 00
2B80: 08 06 06 00 00 00 00 00 08 06 06 00 00 00 00 00
2B90: 08 06 06 00 00 00 00 00 08 06 06 00 00 00 00 00
2BA0: 08 06 06 00 00 00 00 00 08 06 06 00 00 00 00 00
2BB0: 08 06 06 00 00 00 00 00 08 06 06 00 00 00 00 00
2BC0: 08 06 06 00 00 00 00 00 08 06 06 00 00 00 00 00
2BD0: 08 06 06 00 00 00 00 00 08 06 06 00 00 00 00 00
2BE0: 08 06 06 00 00 00 00 00 08 06 06 00 00 00 00 00
2BF0: 08 06 06 00 00 00 00 00 08 06 06 00 00 00 00 00
2C00: 08 06 06 00 00 00 00 00 08 06 06 00 00 00 00 00
2C10: 08 06 06 00 00 00 00 00 08 06 06 00 00 00 00 00
2C20: 08 06 06 00 00 00 00 00 08 06 06 00 00 00 00 00
2C30: 08 06 06 00 00 00 00 00 08 06 06 00 00 00 00 00
2C40: 08 06 06 00 00 00 00 00 08 06 06 00 00 00 00 00
2C50: 08 06 06 00 00 00 00 00 08 06 06 00 00 00 00 00
2C60: 08 06 06 00 00 00 00 00 08 06 06 00 00 00 00 00
2C70: 08 06 06 00 00 00 00 00 08 06 06 00 00 00 00 00
2C80: 08 06 06 00 00 00 00 00 08 06 06 00 00 00 00 00
2C90: 08 06 06 00 00 00 00 00 08 06 06 00 00 00 00 00
2CA0: 08 06 06 00 00 00 00 00 08 06 06 00 00 00 00 00
2CB0: 08 06 06 00 00 00 00 00 08 06 06 00 00 00 00 00
2CC0: 08 06 06 00 00 00 00 00 08 06 06 00 00 00 00 00
2CD0: 08 06 06 00 00 00 00 00 08 06 06 00 00 00 00 00
2CE0: 08 06 06 00 00 00 00 00 08 06 06 00 00 00 00 00
2CF0: 08 06 06 00 00 00 00 00 08 06 06 00 00 00 00 00
2D00: 08 06 06 00 00 00 00 00 08 06 06 00 00 00 00 00
2D10: 08 06 06 00 00 00 00 00 08 06 06 00 00 00 00 00
2D20: 08 06 06 00 00 00 00 00 08 06 06 00 00 00 00 00
2D30: 08 06 06 00 00 00 00 00 08 06 06 00 00 00 00 00
2D40: 08 06 06 00 00 00 00 00 08 06 06 00 00 00 00 00
2D50: 08 06 06 00 00 00 00 00 08 06 06 00 00 00 00 00
2D60: 08 06 06 00 00 00 00 00 08 06 06 00 00 00 00 00
2D70: 08 06 06 00 00 00 00 00 08 06 06 00 00 00 00 00
2D80: 08 06 06 00 00 00 00 00 08 06 06 00 00 00 00 00
2D90: 08 06 06 00 00 00 00 00 08 06 06 00 00 00 00 00
2DA0: 08 06 06 00 00 00 00 00 08 06 06 00 00 00 00 00
2DB0: 08 06 06 00 00 00 00 00 08 06 06 00 00 00 00 00
2DC0: 08 06 06 00 00 00 00 00 08 06 06 00 00 00 00 00
2DD0: 08 06 06 00 00 00 00 00 08 06 06 00 00 00 00 00
2DE0: 08 06 06 00 00 00 00 00 08 06 06 00 00 00 00 00
2DF0: 08 06 06 00 00 00 00 00 08 06 06 00 00 00 00 00
2E00: 08 06 06 00 00 00 00 00 08 06 06 00 00 00 00 00
2E10: 08 06 06 00 00 00 00 00 08 06 06 00 00 00 00 00
2E20: 08 06 06 00 00 00 00 00 08 06 06 00 00 00 00 00
2E30: 08 06 06 00 00 00 00 00 08 06 06 00 00 00 00 00
2E40: 08 06 06 00 00 00 00 00 08 06 06 00 00 00 00 00
2E50: 08 06 06 00 00 00 00 00 08 06 06 00 00 00 00 00
2E60: 08 06 06 00 00 00 00 00 08 06 06 00 00 00 00 00
2E70: 08 06 06 00 00 00 00 00 08 06 06 00 00 00 00 00
2E80: 08 06 06 00 00 00 00 00 08 06 06 00 00 00 00 00
2E90: 08 06 06 00 00 00 00 00 08 06 06 00 00 00 00 00
2EA0: 08 06 06 00 00 00 00 00 08 06 06 00 00 00 00 00
2EB0: 08 06 06 00 00 00 00 00 08 06 06 00 00 00 00 00
2EC0: 08 06 06 00 00 00 00 00 08 06 06 00 00 00 00 00
2ED0: 08 06 06 00 00 00 00 00 08 06 06 00 00 00 00 00
2EE0: 08 06 06 00 00 00 00 00 08 06 06 00 00 00 00 00
2EF0: 08 06 06 00 00 00 00 00 08 06 06 00 00 00 00 00
2F00: 08 06 06 00 00 00 00 00 08 06 06 00 00 00 00 00
2F10: 08 06 06 00 00 00 00 00 08 06 06 00 00 00 00 00
2F20: 08 06 06 00 00 00 00 00 08 06 06 00 00 00 00 00
2F30: 08 06 06 00 00 00 00 00 08 06 06 00 00 00 00 00
2F40: 08 06 06 00 00 00 00 00 08 06 06 00 00 00 00 00
2F50: 08 06 06 00 00 00 00 00 08 06 06 00 00 00 00 00
2F60: 08 06 06 00 00 00 00 00 08 06 06 00 00 00 00 00
2F70: 08 06 06 00 00 00 00 00 08 06 06 00 00 00 00 00
2F80: 08 06 06 00 00 00 00 00 08 06 06 00 00 00 00 00
2F90: 08 06 06 00 00 00 00 00 08 06 06 00 00 00 00 00
2FA0: 08 06 06 00 00 00 00 00 08 06 06 00 00 00 00 00
2FB0: 08 06 06 00 00 00 00 00 08 06 06 00 00 00 00 00
2FC0: 08 06 06 00 00 00 00 00 08 06 06 00 00 00 00 00
2FD0: 08 06 06 00 00 00 00 00 08 06 06 00 00 00 00 00
2FE0: 08 06 06 00 00 00 00 00 08 06 06 00 00 00 00 00
2FF0: 08 06 06 00 00 00 00 00 08 06 06 00 00 00 00 00
