2000: 88 18 08 00 F0 00 00 03 88 18 08 00 F0 00 00 03
2010: 88 18 08 00 F0 00 00 03 88 18 08 00 F0 00 00 03
2020: 88 18 08 00 F0 00 00 03 88 18 08 00 F0 00 00 03
2030: 88 18 08 00 F0 00 00 03 88 18 08 00 F0 00 00 03
2040: 88 18 08 00 F0 00 00 03 88 18 08 00 F0 00 00 03
2050: 88 18 08 00 F0 00 00 03 88 18 08 00 F0 00 00 03
2060: 88 18 08 00 F0 00 00 03 88 18 08 00 F0 00 00 03
2070: 88 18 08 00 F0 00 00 03 88 18 08 00 F0 00 00 03
2080: 88 18 08 00 F0 00 00 03 88 18 08 00 F0 00 00 03
2090: 88 18 08 00 F0 00 00 03 88 18 08 00 F0 00 00 03
20A0: 88 18 08 00 F0 00 00 03 88 18 08 00 F0 00 00 03
20B0: 88 18 08 00 F0 00 00 03 88 18 08 00 F0 00 00 03
20C0: 88 18 08 00 F0 00 00 03 88 18 08 00 F0 00 00 03
20D0: 88 18 08 00 F0 00 00 03 88 18 08 00 F0 00 00 03
20E0: 88 18 08 00 F0 00 00 03 88 18 08 00 F0 00 00 03
20F0: 88 18 08 00 F0 00 00 03 88 18 08 00 F0 00 00 03
2100: 88 18 08 00 F0 00 00 03 88 18 08 00 F0 00 00 03
2110: 88 18 08 00 F0 00 00 03 88 18 08 00 F0 00 00 03
2120: 88 18 08 00 F0 00 00 03 88 18 08 00 F0 00 00 03
2130: 88 18 08 00 F0 00 00 03 88 18 08 00 F0 00 00 03
2140: 88 18 08 00 F0 00 00 03 88 18 08 00 F0 00 00 03
2150: 88 18 08 00 F0 00 00 03 88 18 08 00 F0 00 00 03
2160: 88 18 08 00 F0 00 00 03 88 18 08 00 F0 00 00 03
2170: 88 18 08 00 F0 00 00 03 88 18 08 00 F0 00 00 03
2180: 88 18 08 00 F0 00 00 03 88 18 08 00 F0 00 00 03
2190: 88 18 08 00 F0 00 00 03 88 18 08 00 F0 00 00 03
21A0: 88 18 08 00 F0 00 00 03 88 18 08 00 F0 00 00 03
21B0: 88 18 08 00 F0 00 00 03 88 18 08 00 F0 00 00 03
21C0: 88 18 08 00 F0 00 00 03 88 18 08 00 F0 00 00 03
21D0: 88 18 08 00 F0 00 00 03 88 18 08 00 F0 00 00 03
21E0: 88 18 08 00 F0 00 00 03 88 18 08 00 F0 00 00 03
21F0: 88 18 08 00 F0 00 00 03 88 18 08 00 F0 00 00 03
2200: 88 18 08 00 F0 00 00 03 88 18 08 00 F0 00 00 03
2210: 88 18 08 00 F0 00 00 03 88 18 08 00 F0 00 00 03
2220: 88 18 08 00 F0 00 00 03 88 18 08 00 F0 00 00 03
2230: 88 18 08 00 F0 00 00 03 88 18 08 00 F0 00 00 03
2240: 88 18 08 00 F0 00 00 03 88 18 08 00 F0 00 00 03
2250: 88 18 08 00 F0 00 00 03 88 18 08 00 F0 00 00 03
2260: 88 18 08 00 F0 00 00 03 88 18 08 00 F0 00 00 03
2270: 88 18 08 00 F0 00 00 03 88 18 08 00 F0 00 00 03
2280: 88 18 08 00 F0 00 00 03 88 18 08 00 F0 00 00 03
2290: 88 18 08 00 F0 00 00 03 88 18 08 00 F0 00 00 03
22A0: 88 18 08 00 F0 00 00 03 88 18 08 00 F0 00 00 03
22B0: 88 18 08 00 F0 00 00 03 88 18 08 00 F0 00 00 03
22C0: 88 18 08 00 F0 00 00 03 88 18 08 00 F0 00 00 03
22D0: 88 18 08 00 F0 00 00 03 88 18 08 00 F0 00 00 03
22E0: 88 18 08 00 F0 00 00 03 88 18 08 00 F0 00 00 03
22F0: 88 18 08 00 F0 00 00 03 88 18 08 00 F0 00 00 03
2300: 88 18 08 00 F0 00 00 03 88 18 08 00 F0 00 00 03
2310: 88 18 08 00 F0 00 00 03 88 18 08 00 F0 00 00 03
2320: 88 18 08 00 F0 00 00 03 88 18 08 00 F0 00 00 03
2330: 88 18 08 00 F0 00 00 03 88 18 08 00 F0 00 00 03
2340: 88 18 08 00 F0 00 00 03 88 18 08 00 F0 00 00 03
2350: 88 18 08 00 F0 00 00 03 88 18 08 00 F0 00 00 03
2360: 88 18 08 00 F0 00 00 03 88 18 08 00 F0 00 00 03
2370: 88 18 08 00 F0 00 00 03 88 18 08 00 F0 00 00 03
2380: 88 18 08 00 F0 00 00 03 88 18 08 00 F0 00 00 03
2390: 88 18 08 00 F0 00 00 03 88 18 08 00 F0 00 00 03
23A0: 88 18 08 00 F0 00 00 03 88 18 08 00 F0 00 00 03
23B0: 88 18 08 00 F0 00 00 03 88 18 08 00 F0 00 00 03
23C0: 88 18 08 00 F0 00 00 03 88 18 08 00 F0 00 00 03
23D0: 88 18 08 00 F0 00 00 03 88 18 08 00 F0 00 00 03
23E0: 88 18 08 00 F0 00 00 03 88 18 08 00 F0 00 00 03
23F0: 88 18 08 00 F0 00 00 03 88 18 08 00 F0 00 00 03
2400: 88 18 08 00 F0 00 00 03 88 18 08 00 F0 00 00 03
2410: 88 18 08 00 F0 00 00 03 88 18 08 00 F0 00 00 03
2420: 88 18 08 00 F0 00 00 03 88 18 08 00 F0 00 00 03
2430: 88 18 08 00 F0 00 00 03 88 18 08 00 F0 00 00 03
2440: 88 18 08 00 F0 00 00 03 88 18 08 00 F0 00 00 03
2450: 88 18 08 00 F0 00 00 03 88 18 08 00 F0 00 00 03
2460: 88 18 08 00 F0 00 00 03 88 18 08 00 F0 00 00 03
2470: 88 18 08 00 F0 00 00 03 88 18 08 00 F0 00 00 03
2480: 88 18 08 00 F0 00 00 03 88 18 08 00 F0 00 00 03
2490: 88 18 08 00 F0 00 00 03 88 18 08 00 F0 00 00 03
24A0: 88 18 08 00 F0 00 00 03 88 18 08 00 F0 00 00 03
24B0: 88 18 08 00 F0 00 00 03 88 18 08 00 F0 00 00 03
24C0: 88 18 08 00 F0 00 00 03 88 18 08 00 F0 00 00 03
24D0: 88 18 08 00 F0 00 00 03 88 18 08 00 F0 00 00 03
24E0: 88 18 08 00 F0 00 00 03 88 18 08 00 F0 00 00 03
24F0: 88 18 08 00 F0 00 00 03 88 18 08 00 F0 00 00 03
2500: 88 18 08 00 F0 00 00 03 88 18 08 00 F0 00 00 03
2510: 88 18 08 00 F0 00 00 03 88 18 08 00 F0 00 00 03
2520: 88 18 08 00 F0 00 00 03 88 18 08 00 F0 00 00 03
2530: 88 18 08 00 F0 00 00 03 88 18 08 00 F0 00 00 03
2540: 88 18 08 00 F0 00 00 03 88 18 08 00 F0 00 00 03
2550: 88 18 08 00 F0 00 00 03 88 18 08 00 F0 00 00 03
2560: 88 18 08 00 F0 00 00 03 88 18 08 00 F0 00 00 03
2570: 88 18 08 00 F0 00 00 03 88 18 08 00 F0 00 00 03
2580: 88 18 08 00 F0 00 00 03 88 18 08 00 F0 00 00 03
2590: 88 18 08 00 F0 00 00 03 88 18 08 00 F0 00 00 03
25A0: 88 18 08 00 F0 00 00 03 88 18 08 00 F0 00 00 03
25B0: 88 18 08 00 F0 00 00 03 88 18 08 00 F0 00 00 03
25C0: 88 18 08 00 F0 00 00 03 88 18 08 00 F0 00 00 03
25D0: 88 18 08 00 F0 00 00 03 88 18 08 00 F0 00 00 03
25E0: 88 18 08 00 F0 00 00 03 88 18 08 00 F0 00 00 03
25F0: 88 18 08 00 F0 00 00 03 88 18 08 00 F0 00 00 03
2600: 88 18 08 00 F0 00 00 03 88 18 08 00 F0 00 00 03
2610: 88 18 08 00 F0 00 00 03 88 18 08 00 F0 00 00 03
2620: 88 18 08 00 F0 00 00 03 88 18 08 00 F0 00 00 03
2630: 88 18 08 00 F0 00 00 03 88 18 08 00 F0 00 00 03
2640: 88 18 08 00 F0 00 00 03 88 18 08 00 F0 00 00 03
2650: 88 18 08 00 F0 00 00 03 88 18 08 00 F0 00 00 03
2660: 88 18 08 00 F0 00 00 03 88 18 08 00 F0 00 00 03
2670: 88 18 08 00 F0 00 00 03 88 18 08 00 F0 00 00 03
2680: 88 18 08 00 F0 00 00 03 88 18 08 00 F0 00 00 03
2690: 88 18 08 00 F0 00 00 03 88 18 08 00 F0 00 00 03
26A0: 88 18 08 00 F0 00 00 03 88 18 08 00 F0 00 00 03
26B0: 88 18 08 00 F0 00 00 03 88 18 08 00 F0 00 00 03
26C0: 88 18 08 00 F0 00 00 03 88 18 08 00 F0 00 00 03
26D0: 88 18 08 00 F0 00 00 03 88 18 08 00 F0 00 00 03
26E0: 88 18 08 00 F0 00 00 03 88 18 08 00 F0 00 00 03
26F0: 88 18 08 00 F0 00 00 03 88 18 08 00 F0 00 00 03
2700: 88 18 08 00 F0 00 00 03 88 18 08 00 F0 00 00 03
2710: 88 18 08 00 F0 00 00 03 88 18 08 00 F0 00 00 03
2720: 88 18 08 00 F0 00 00 03 88 18 08 00 F0 00 00 03
2730: 88 18 08 00 F0 00 00 03 88 18 08 00 F0 00 00 03
2740: 88 18 08 00 F0 00 00 03 88 18 08 00 F0 00 00 03
2750: 88 18 08 00 F0 00 00 03 88 18 08 00 F0 00 00 03
2760: 88 18 08 00 F0 00 00 03 88 18 08 00 F0 00 00 03
2770: 88 18 08 00 F0 00 00 03 88 18 08 00 F0 00 00 03
2780: 88 18 08 00 F0 00 00 03 88 18 08 00 F0 00 00 03
2790: 88 18 08 00 F0 00 00 03 88 18 08 00 F0 00 00 03
27A0: 88 18 08 00 F0 00 00 03 88 18 08 00 F0 00 00 03
27B0: 88 18 08 00 F0 00 00 03 88 18 08 00 F0 00 00 03
27C0: 88 18 08 00 F0 00 00 03 88 18 08 00 F0 00 00 03
27D0: 88 18 08 00 F0 00 00 03 88 18 08 00 F0 00 00 03
27E0: 88 18 08 00 F0 00 00 03 88 18 08 00 F0 00 00 03
27F0: 88 18 08 00 F0 00 00 03 88 18 08 00 F0 00 00 03
2800: 88 18 08 00 F0 00 00 03 88 18 08 00 F0 00 00 03
2810: 88 18 08 00 F0 00 00 03 88 18 08 00 F0 00 00 03
2820: 88 18 08 00 F0 00 00 03 88 18 08 00 F0 00 00 03
2830: 88 18 08 00 F0 00 00 03 88 18 08 00 F0 00 00 03
2840: 88 18 08 00 F0 00 00 03 88 18 08 00 F0 00 00 03
2850: 88 18 08 00 F0 00 00 03 88 18 08 00 F0 00 00 03
2860: 88 18 08 00 F0 00 00 03 88 18 08 00 F0 00 00 03
2870: 88 18 08 00 F0 00 00 03 88 18 08 00 F0 00 00 03
2880: 88 18 08 00 F0 00 00 03 88 18 08 00 F0 00 00 03
2890: 88 18 08 00 F0 00 00 03 88 18 08 00 F0 00 00 03
28A0: 88 18 08 00 F0 00 00 03 88 18 08 00 F0 00 00 03
28B0: 88 18 08 00 F0 00 00 03 88 18 08 00 F0 00 00 03
28C0: 88 18 08 00 F0 00 00 03 88 18 08 00 F0 00 00 03
28D0: 88 18 08 00 F0 00 00 03 88 18 08 00 F0 00 00 03
28E0: 88 18 08 00 F0 00 00 03 88 18 08 00 F0 00 00 03
28F0: 88 18 08 00 F0 00 00 03 88 18 08 00 F0 00 00 03
2900: 88 18 08 00 F0 00 00 03 88 18 08 00 F0 00 00 03
2910: 88 18 08 00 F0 00 00 03 88 18 08 00 F0 00 00 03
2920: 88 18 08 00 F0 00 00 03 88 18 08 00 F0 00 00 03
2930: 88 18 08 00 F0 00 00 03 88 18 08 00 F0 00 00 03
2940: 88 18 08 00 F0 00 00 03 88 18 08 00 F0 00 00 03
2950: 88 18 08 00 F0 00 00 03 88 18 08 00 F0 00 00 03
2960: 88 18 08 00 F0 00 00 03 88 18 08 00 F0 00 00 03
2970: 88 18 08 00 F0 00 00 03 88 18 08 00 F0 00 00 03
2980: 88 18 08 00 F0 00 00 03 88 18 08 00 F0 00 00 03
2990: 88 18 08 00 F0 00 00 03 88 18 08 00 F0 00 00 03
29A0: 88 18 08 00 F0 00 00 03 88 18 08 00 F0 00 00 03
29B0: 88 18 08 00 F0 00 00 03 88 18 08 00 F0 00 00 03
29C0: 88 18 08 00 F0 00 00 03 88 18 08 00 F0 00 00 03
29D0: 88 18 08 00 F0 00 00 03 88 18 08 00 F0 00 00 03
29E0: 88 18 08 00 F0 00 00 03 88 18 08 00 F0 00 00 03
29F0: 88 18 08 00 F0 00 00 03 88 18 08 00 F0 00 00 03
2A00: 88 18 08 00 F0 00 00 03 88 18 08 00 F0 00 00 03
2A10: 88 18 08 00 F0 00 00 03 88 18 08 00 F0 00 00 03
2A20: 88 18 08 00 F0 00 00 03 88 18 08 00 F0 00 00 03
2A30: 88 18 08 00 F0 00 00 03 88 18 08 00 F0 00 00 03
2A40: 88 18 08 00 F0 00 00 03 88 18 08 00 F0 00 00 03
2A50: 88 18 08 00 F0 00 00 03 88 18 08 00 F0 00 00 03
2A60: 88 18 08 00 F0 00 00 03 88 18 08 00 F0 00 00 03
2A70: 88 18 08 00 F0 00 00 03 88 18 08 00 F0 00 00 03
2A80: 88 18 08 00 F0 00 00 03 88 18 08 00 F0 00 00 03
2A90: 88 18 08 00 F0 00 00 03 88 18 08 00 F0 00 00 03
2AA0: 88 18 08 00 F0 00 00 03 88 18 08 00 F0 00 00 03
2AB0: 88 18 08 00 F0 00 00 03 88 18 08 00 F0 00 00 03
2AC0: 88 18 08 00 F0 00 00 03 88 18 08 00 F0 00 00 03
2AD0: 88 18 08 00 F0 00 00 03 88 18 08 00 F0 00 00 03
2AE0: 88 18 08 00 F0 00 00 03 88 18 08 00 F0 00 00 03
2AF0: 88 18 08 00 F0 00 00 03 88 18 08 00 F0 00 00 03
2B00: 88 18 08 00 F0 00 00 03 88 18 08 00 F0 00 00 03
2B10: 88 18 08 00 F0 00 00 03 88 18 08 00 F0 00 00 03
2B20: 88 18 08 00 F0 00 00 03 88 18 08 00 F0 00 00 03
2B30: 88 18 08 00 F0 00 00 03 88 18 08 00 F0 00 00 03
2B40: 88 18 08 00 F0 00 00 03 88 18 08 00 F0 00 00 03
2B50: 88 18 08 00 F0 00 00 03 88 18 08 00 F0 00 00 03
2B60: 88 18 08 00 F0 00 00 03 88 18 08 00 F0 00 00 03
2B70: 88 18 08 00 F0 00 00 03 88 18 08 00 F0 00 00 03
2B80: 88 18 08 00 F0 00 00 03 88 18 08 00 F0 00 00 03
2B90: 88 18 08 00 F0 00 00 03 88 18 08 00 F0 00 00 03
2BA0: 88 18 08 00 F0 00 00 03 88 18 08 00 F0 00 00 03
2BB0: 88 18 08 00 F0 00 00 03 88 18 08 00 F0 00 00 03
2BC0: 88 18 08 00 F0 00 00 03 88 18 08 00 F0 00 00 03
2BD0: 88 18 08 00 F0 00 00 03 88 18 08 00 F0 00 00 03
2BE0: 88 18 08 00 F0 00 00 03 88 18 08 00 F0 00 00 03
2BF0: 88 18 08 00 F0 00 00 03 88 18 08 00 F0 00 00 03
2C00: 88 18 08 00 F0 00 00 03 88 18 08 00 F0 00 00 03
2C10: 88 18 08 00 F0 00 00 03 88 18 08 00 F0 00 00 03
2C20: 88 18 08 00 F0 00 00 03 88 18 08 00 F0 00 00 03
2C30: 88 18 08 00 F0 00 00 03 88 18 08 00 F0 00 00 03
2C40: 88 18 08 00 F0 00 00 03 88 18 08 00 F0 00 00 03
2C50: 88 18 08 00 F0 00 00 03 88 18 08 00 F0 00 00 03
2C60: 88 18 08 00 F0 00 00 03 88 18 08 00 F0 00 00 03
2C70: 88 18 08 00 F0 00 00 03 88 18 08 00 F0 00 00 03
2C80: 88 18 08 00 F0 00 00 03 88 18 08 00 F0 00 00 03
2C90: 88 18 08 00 F0 00 00 03 88 18 08 00 F0 00 00 03
2CA0: 88 18 08 00 F0 00 00 03 88 18 08 00 F0 00 00 03
2CB0: 88 18 08 00 F0 00 00 03 88 18 08 00 F0 00 00 03
2CC0: 88 18 08 00 F0 00 00 03 88 18 08 00 F0 00 00 03
2CD0: 88 18 08 00 F0 00 00 03 88 18 08 00 F0 00 00 03
2CE0: 88 18 08 00 F0 00 00 03 88 18 08 00 F0 00 00 03
2CF0: 88 18 08 00 F0 00 00 03 88 18 08 00 F0 00 00 03
2D00: 88 18 08 00 F0 00 00 03 88 18 08 00 F0 00 00 03
2D10: 88 18 08 00 F0 00 00 03 88 18 08 00 F0 00 00 03
2D20: 88 18 08 00 F0 00 00 03 88 18 08 00 F0 00 00 03
2D30: 88 18 08 00 F0 00 00 03 88 18 08 00 F0 00 00 03
2D40: 88 18 08 00 F0 00 00 03 88 18 08 00 F0 00 00 03
2D50: 88 18 08 00 F0 00 00 03 88 18 08 00 F0 00 00 03
2D60: 88 18 08 00 F0 00 00 03 88 18 08 00 F0 00 00 03
2D70: 88 18 08 00 F0 00 00 03 88 18 08 00 F0 00 00 03
2D80: 88 18 08 00 F0 00 00 03 88 18 08 00 F0 00 00 03
2D90: 88 18 08 00 F0 00 00 03 88 18 08 00 F0 00 00 03
2DA0: 88 18 08 00 F0 00 00 03 88 18 08 00 F0 00 00 03
2DB0: 88 18 08 00 F0 00 00 03 88 18 08 00 F0 00 00 03
2DC0: 88 18 08 00 F0 00 00 03 88 18 08 00 F0 00 00 03
2DD0: 88 18 08 00 F0 00 00 03 88 18 08 00 F0 00 00 03
2DE0: 88 18 08 00 F0 00 00 03 88 18 08 00 F0 00 00 03
2DF0: 88 18 08 00 F0 00 00 03 88 18 08 00 F0 00 00 03
2E00: 88 18 08 00 F0 00 00 03 88 18 08 00 F0 00 00 03
2E10: 88 18 08 00 F0 00 00 03 88 18 08 00 F0 00 00 03
2E20: 88 18 08 00 F0 00 00 03 88 18 08 00 F0 00 00 03
2E30: 88 18 08 00 F0 00 00 03 88 18 08 00 F0 00 00 03
2E40: 88 18 08 00 F0 00 00 03 88 18 08 00 F0 00 00 03
2E50: 88 18 08 00 F0 00 00 03 88 18 08 00 F0 00 00 03
2E60: 88 18 08 00 F0 00 00 03 88 18 08 00 F0 00 00 03
2E70: 88 18 08 00 F0 00 00 03 88 18 08 00 F0 00 00 03
2E80: 88 18 08 00 F0 00 00 03 88 18 08 00 F0 00 00 03
2E90: 88 18 08 00 F0 00 00 03 88 18 08 00 F0 00 00 03
2EA0: 88 18 08 00 F0 00 00 03 88 18 08 00 F0 00 00 03
2EB0: 88 18 08 00 F0 00 00 03 88 18 08 00 F0 00 00 03
2EC0: 88 18 08 00 F0 00 00 03 88 18 08 00 F0 00 00 03
2ED0: 88 18 08 00 F0 00 00 03 88 18 08 00 F0 00 00 03
2EE0: 88 18 08 00 F0 00 00 03 88 18 08 00 F0 00 00 03
2EF0: 88 18 08 00 F0 00 00 03 88 18 08 00 F0 00 00 03
2F00: 88 18 08 00 F0 00 00 03 88 18 08 00 F0 00 00 03
2F10: 88 18 08 00 F0 00 00 03 88 18 08 00 F0 00 00 03
2F20: 88 18 08 00 F0 00 00 03 88 18 08 00 F0 00 00 03
2F30: 88 18 08 00 F0 00 00 03 88 18 08 00 F0 00 00 03
2F40: 88 18 08 00 F0 00 00 03 88 18 08 00 F0 00 00 03
2F50: 88 18 08 00 F0 00 00 03 88 18 08 00 F0 00 00 03
2F60: 88 18 08 00 F0 00 00 03 88 18 08 00 F0 00 00 03
2F70: 88 18 08 00 F0 00 00 03 88 18 08 00 F0 00 00 03
2F80: 88 18 08 00 F0 00 00 03 88 18 08 00 F0 00 00 03
2F90: 88 18 08 00 F0 00 00 03 88 18 08 00 F0 00 00 03
2FA0: 88 18 08 00 F0 00 00 03 88 18 08 00 F0 00 00 03
2FB0: 88 18 08 00 F0 00 00 03 88 18 08 00 F0 00 00 03
2FC0: 88 18 08 00 F0 00 00 03 88 18 08 00 F0 00 00 03
2FD0: 88 18 08 00 F0 00 00 03 88 18 08 00 F0 00 00 03
2FE0: 88 18 08 00 F0 00 00 03 88 18 08 00 F0 00 00 03
2FF0: 88 18 08 00 F0 00 00 03 88 18 08 00 F0 00 00 03
