2000: 88 18 08 00 F0 00 00 00 88 18 08 00 F0 00 00 00
2010: 88 18 08 00 F0 00 00 00 88 18 08 00 F0 00 00 00
2020: 88 18 08 00 F0 00 00 00 88 18 08 00 F0 00 00 00
2030: 88 18 08 00 F0 00 00 00 88 18 08 00 F0 00 00 00
2040: 88 18 08 00 F0 00 00 00 88 18 08 00 F0 00 00 00
2050: 88 18 08 00 F0 00 00 00 88 18 08 00 F0 00 00 00
2060: 88 18 08 00 F0 00 00 00 88 18 08 00 F0 00 00 00
2070: 88 18 08 00 F0 00 00 00 88 18 08 00 F0 00 00 00
2080: 88 18 08 00 F0 00 00 00 88 18 08 00 F0 00 00 00
2090: 88 18 08 00 F0 00 00 00 88 18 08 00 F0 00 00 00
20A0: 88 18 08 00 F0 00 00 00 88 18 08 00 F0 00 00 00
20B0: 88 18 08 00 F0 00 00 00 88 18 08 00 F0 00 00 00
20C0: 88 18 08 00 F0 00 00 00 88 18 08 00 F0 00 00 00
20D0: 88 18 08 00 F0 00 00 00 88 18 08 00 F0 00 00 00
20E0: 88 18 08 00 F0 00 00 00 88 18 08 00 F0 00 00 00
20F0: 88 18 08 00 F0 00 00 00 88 18 08 00 F0 00 00 00
2100: 88 18 08 00 F0 00 00 00 88 18 08 00 F0 00 00 00
2110: 88 18 08 00 F0 00 00 00 88 18 08 00 F0 00 00 00
2120: 88 18 08 00 F0 00 00 00 88 18 08 00 F0 00 00 00
2130: 88 18 08 00 F0 00 00 00 88 18 08 00 F0 00 00 00
2140: 88 18 08 00 F0 00 00 00 88 18 08 00 F0 00 00 00
2150: 88 18 08 00 F0 00 00 00 88 18 08 00 F0 00 00 00
2160: 88 18 08 00 F0 00 00 00 88 18 08 00 F0 00 00 00
2170: 88 18 08 00 F0 00 00 00 88 18 08 00 F0 00 00 00
2180: 88 18 08 00 F0 00 00 00 88 18 08 00 F0 00 00 00
2190: 88 18 08 00 F0 00 00 00 88 18 08 00 F0 00 00 00
21A0: 88 18 08 00 F0 00 00 00 88 18 08 00 F0 00 00 00
21B0: 88 18 08 00 F0 00 00 00 88 18 08 00 F0 00 00 00
21C0: 88 18 08 00 F0 00 00 00 88 18 08 00 F0 00 00 00
21D0: 88 18 08 00 F0 00 00 00 88 18 08 00 F0 00 00 00
21E0: 88 18 08 00 F0 00 00 00 88 18 08 00 F0 00 00 00
21F0: 88 18 08 00 F0 00 00 00 88 18 08 00 F0 00 00 00
2200: 88 18 08 00 F0 00 00 00 88 18 08 00 F0 00 00 00
2210: 88 18 08 00 F0 00 00 00 88 18 08 00 F0 00 00 00
2220: 88 18 08 00 F0 00 00 00 88 18 08 00 F0 00 00 00
2230: 88 18 08 00 F0 00 00 00 88 18 08 00 F0 00 00 00
2240: 88 18 08 00 F0 00 00 00 88 18 08 00 F0 00 00 00
2250: 88 18 08 00 F0 00 00 00 88 18 08 00 F0 00 00 00
2260: 88 18 08 00 F0 00 00 00 88 18 08 00 F0 00 00 00
2270: 88 18 08 00 F0 00 00 00 88 18 08 00 F0 00 00 00
2280: 88 18 08 00 F0 00 00 00 88 18 08 00 F0 00 00 00
2290: 88 18 08 00 F0 00 00 00 88 18 08 00 F0 00 00 00
22A0: 88 18 08 00 F0 00 00 00 88 18 08 00 F0 00 00 00
22B0: 88 18 08 00 F0 00 00 00 88 18 08 00 F0 00 00 00
22C0: 88 18 08 00 F0 00 00 00 88 18 08 00 F0 00 00 00
22D0: 88 18 08 00 F0 00 00 00 88 18 08 00 F0 00 00 00
22E0: 88 18 08 00 F0 00 00 00 88 18 08 00 F0 00 00 00
22F0: 88 18 08 00 F0 00 00 00 88 18 08 00 F0 00 00 00
2300: 88 18 08 00 F0 00 00 00 88 18 08 00 F0 00 00 00
2310: 88 18 08 00 F0 00 00 00 88 18 08 00 F0 00 00 00
2320: 88 18 08 00 F0 00 00 00 88 18 08 00 F0 00 00 00
2330: 88 18 08 00 F0 00 00 00 88 18 08 00 F0 00 00 00
2340: 88 18 08 00 F0 00 00 00 88 18 08 00 F0 00 00 00
2350: 88 18 08 00 F0 00 00 00 88 18 08 00 F0 00 00 00
2360: 88 18 08 00 F0 00 00 00 88 18 08 00 F0 00 00 00
2370: 88 18 08 00 F0 00 00 00 88 18 08 00 F0 00 00 00
2380: 88 18 08 00 F0 00 00 00 88 18 08 00 F0 00 00 00
2390: 88 18 08 00 F0 00 00 00 88 18 08 00 F0 00 00 00
23A0: 88 18 08 00 F0 00 00 00 88 18 08 00 F0 00 00 00
23B0: 88 18 08 00 F0 00 00 00 88 18 08 00 F0 00 00 00
23C0: 88 18 08 00 F0 00 00 00 88 18 08 00 F0 00 00 00
23D0: 88 18 08 00 F0 00 00 00 88 18 08 00 F0 00 00 00
23E0: 88 18 08 00 F0 00 00 00 88 18 08 00 F0 00 00 00
23F0: 88 18 08 00 F0 00 00 00 88 18 08 00 F0 00 00 00
2400: 88 18 08 00 F0 00 00 00 88 18 08 00 F0 00 00 00
2410: 88 18 08 00 F0 00 00 00 88 18 08 00 F0 00 00 00
2420: 88 18 08 00 F0 00 00 00 88 18 08 00 F0 00 00 00
2430: 88 18 08 00 F0 00 00 00 88 18 08 00 F0 00 00 00
2440: 88 18 08 00 F0 00 00 00 88 18 08 00 F0 00 00 00
2450: 88 18 08 00 F0 00 00 00 88 18 08 00 F0 00 00 00
2460: 88 18 08 00 F0 00 00 00 88 18 08 00 F0 00 00 00
2470: 88 18 08 00 F0 00 00 00 88 18 08 00 F0 00 00 00
2480: 88 18 08 00 F0 00 00 00 88 18 08 00 F0 00 00 00
2490: 88 18 08 00 F0 00 00 00 88 18 08 00 F0 00 00 00
24A0: 88 18 08 00 F0 00 00 00 88 18 08 00 F0 00 00 00
24B0: 88 18 08 00 F0 00 00 00 88 18 08 00 F0 00 00 00
24C0: 88 18 08 00 F0 00 00 00 88 18 08 00 F0 00 00 00
24D0: 88 18 08 00 F0 00 00 00 88 18 08 00 F0 00 00 00
24E0: 88 18 08 00 F0 00 00 00 88 18 08 00 F0 00 00 00
24F0: 88 18 08 00 F0 00 00 00 88 18 08 00 F0 00 00 00
2500: 88 18 08 00 F0 00 00 00 88 18 08 00 F0 00 00 00
2510: 88 18 08 00 F0 00 00 00 88 18 08 00 F0 00 00 00
2520: 88 18 08 00 F0 00 00 00 88 18 08 00 F0 00 00 00
2530: 88 18 08 00 F0 00 00 00 88 18 08 00 F0 00 00 00
2540: 88 18 08 00 F0 00 00 00 88 18 08 00 F0 00 00 00
2550: 88 18 08 00 F0 00 00 00 88 18 08 00 F0 00 00 00
2560: 88 18 08 00 F0 00 00 00 88 18 08 00 F0 00 00 00
2570: 88 18 08 00 F0 00 00 00 88 18 08 00 F0 00 00 00
2580: 88 18 08 00 F0 00 00 00 88 18 08 00 F0 00 00 00
2590: 88 18 08 00 F0 00 00 00 88 18 08 00 F0 00 00 00
25A0: 88 18 08 00 F0 00 00 00 88 18 08 00 F0 00 00 00
25B0: 88 18 08 00 F0 00 00 00 88 18 08 00 F0 00 00 00
25C0: 88 18 08 00 F0 00 00 00 88 18 08 00 F0 00 00 00
25D0: 88 18 08 00 F0 00 00 00 88 18 08 00 F0 00 00 00
25E0: 88 18 08 00 F0 00 00 00 88 18 08 00 F0 00 00 00
25F0: 88 18 08 00 F0 00 00 00 88 18 08 00 F0 00 00 00
2600: 88 18 08 00 F0 00 00 00 88 18 08 00 F0 00 00 00
2610: 88 18 08 00 F0 00 00 00 88 18 08 00 F0 00 00 00
2620: 88 18 08 00 F0 00 00 00 88 18 08 00 F0 00 00 00
2630: 88 18 08 00 F0 00 00 00 88 18 08 00 F0 00 00 00
2640: 88 18 08 00 F0 00 00 00 88 18 08 00 F0 00 00 00
2650: 88 18 08 00 F0 00 00 00 88 18 08 00 F0 00 00 00
2660: 88 18 08 00 F0 00 00 00 88 18 08 00 F0 00 00 00
2670: 88 18 08 00 F0 00 00 00 88 18 08 00 F0 00 00 00
2680: 88 18 08 00 F0 00 00 00 88 18 08 00 F0 00 00 00
2690: 88 18 08 00 F0 00 00 00 88 18 08 00 F0 00 00 00
26A0: 88 18 08 00 F0 00 00 00 88 18 08 00 F0 00 00 00
26B0: 88 18 08 00 F0 00 00 00 88 18 08 00 F0 00 00 00
26C0: 88 18 08 00 F0 00 00 00 88 18 08 00 F0 00 00 00
26D0: 88 18 08 00 F0 00 00 00 88 18 08 00 F0 00 00 00
26E0: 88 18 08 00 F0 00 00 00 88 18 08 00 F0 00 00 00
26F0: 88 18 08 00 F0 00 00 00 88 18 08 00 F0 00 00 00
2700: 88 18 08 00 F0 00 00 00 88 18 08 00 F0 00 00 00
2710: 88 18 08 00 F0 00 00 00 88 18 08 00 F0 00 00 00
2720: 88 18 08 00 F0 00 00 00 88 18 08 00 F0 00 00 00
2730: 88 18 08 00 F0 00 00 00 88 18 08 00 F0 00 00 00
2740: 88 18 08 00 F0 00 00 00 88 18 08 00 F0 00 00 00
2750: 88 18 08 00 F0 00 00 00 88 18 08 00 F0 00 00 00
2760: 88 18 08 00 F0 00 00 00 88 18 08 00 F0 00 00 00
2770: 88 18 08 00 F0 00 00 00 88 18 08 00 F0 00 00 00
2780: 88 18 08 00 F0 00 00 00 88 18 08 00 F0 00 00 00
2790: 88 18 08 00 F0 00 00 00 88 18 08 00 F0 00 00 00
27A0: 88 18 08 00 F0 00 00 00 88 18 08 00 F0 00 00 00
27B0: 88 18 08 00 F0 00 00 00 88 18 08 00 F0 00 00 00
27C0: 88 18 08 00 F0 00 00 00 88 18 08 00 F0 00 00 00
27D0: 88 18 08 00 F0 00 00 00 88 18 08 00 F0 00 00 00
27E0: 88 18 08 00 F0 00 00 00 88 18 08 00 F0 00 00 00
27F0: 88 18 08 00 F0 00 00 00 88 18 08 00 F0 00 00 00
2800: 88 18 08 00 F0 00 00 00 88 18 08 00 F0 00 00 00
2810: 88 18 08 00 F0 00 00 00 88 18 08 00 F0 00 00 00
2820: 88 18 08 00 F0 00 00 00 88 18 08 00 F0 00 00 00
2830: 88 18 08 00 F0 00 00 00 88 18 08 00 F0 00 00 00
2840: 88 18 08 00 F0 00 00 00 88 18 08 00 F0 00 00 00
2850: 88 18 08 00 F0 00 00 00 88 18 08 00 F0 00 00 00
2860: 88 18 08 00 F0 00 00 00 88 18 08 00 F0 00 00 00
2870: 88 18 08 00 F0 00 00 00 88 18 08 00 F0 00 00 00
2880: 88 18 08 00 F0 00 00 00 88 18 08 00 F0 00 00 00
2890: 88 18 08 00 F0 00 00 00 88 18 08 00 F0 00 00 00
28A0: 88 18 08 00 F0 00 00 00 88 18 08 00 F0 00 00 00
28B0: 88 18 08 00 F0 00 00 00 88 18 08 00 F0 00 00 00
28C0: 88 18 08 00 F0 00 00 00 88 18 08 00 F0 00 00 00
28D0: 88 18 08 00 F0 00 00 00 88 18 08 00 F0 00 00 00
28E0: 88 18 08 00 F0 00 00 00 88 18 08 00 F0 00 00 00
28F0: 88 18 08 00 F0 00 00 00 88 18 08 00 F0 00 00 00
2900: 88 18 08 00 F0 00 00 00 88 18 08 00 F0 00 00 00
2910: 88 18 08 00 F0 00 00 00 88 18 08 00 F0 00 00 00
2920: 88 18 08 00 F0 00 00 00 88 18 08 00 F0 00 00 00
2930: 88 18 08 00 F0 00 00 00 88 18 08 00 F0 00 00 00
2940: 88 18 08 00 F0 00 00 00 88 18 08 00 F0 00 00 00
2950: 88 18 08 00 F0 00 00 00 88 18 08 00 F0 00 00 00
2960: 88 18 08 00 F0 00 00 00 88 18 08 00 F0 00 00 00
2970: 88 18 08 00 F0 00 00 00 88 18 08 00 F0 00 00 00
2980: 88 18 08 00 F0 00 00 00 88 18 08 00 F0 00 00 00
2990: 88 18 08 00 F0 00 00 00 88 18 08 00 F0 00 00 00
29A0: 88 18 08 00 F0 00 00 00 88 18 08 00 F0 00 00 00
29B0: 88 18 08 00 F0 00 00 00 88 18 08 00 F0 00 00 00
29C0: 88 18 08 00 F0 00 00 00 88 18 08 00 F0 00 00 00
29D0: 88 18 08 00 F0 00 00 00 88 18 08 00 F0 00 00 00
29E0: 88 18 08 00 F0 00 00 00 88 18 08 00 F0 00 00 00
29F0: 88 18 08 00 F0 00 00 00 88 18 08 00 F0 00 00 00
2A00: 88 18 08 00 F0 00 00 00 88 18 08 00 F0 00 00 00
2A10: 88 18 08 00 F0 00 00 00 88 18 08 00 F0 00 00 00
2A20: 88 18 08 00 F0 00 00 00 88 18 08 00 F0 00 00 00
2A30: 88 18 08 00 F0 00 00 00 88 18 08 00 F0 00 00 00
2A40: 88 18 08 00 F0 00 00 00 88 18 08 00 F0 00 00 00
2A50: 88 18 08 00 F0 00 00 00 88 18 08 00 F0 00 00 00
2A60: 88 18 08 00 F0 00 00 00 88 18 08 00 F0 00 00 00
2A70: 88 18 08 00 F0 00 00 00 88 18 08 00 F0 00 00 00
2A80: 88 18 08 00 F0 00 00 00 88 18 08 00 F0 00 00 00
2A90: 88 18 08 00 F0 00 00 00 88 18 08 00 F0 00 00 00
2AA0: 88 18 08 00 F0 00 00 00 88 18 08 00 F0 00 00 00
2AB0: 88 18 08 00 F0 00 00 00 88 18 08 00 F0 00 00 00
2AC0: 88 18 08 00 F0 00 00 00 88 18 08 00 F0 00 00 00
2AD0: 88 18 08 00 F0 00 00 00 88 18 08 00 F0 00 00 00
2AE0: 88 18 08 00 F0 00 00 00 88 18 08 00 F0 00 00 00
2AF0: 88 18 08 00 F0 00 00 00 88 18 08 00 F0 00 00 00
2B00: 88 18 08 00 F0 00 00 00 88 18 08 00 F0 00 00 00
2B10: 88 18 08 00 F0 00 00 00 88 18 08 00 F0 00 00 00
2B20: 88 18 08 00 F0 00 00 00 88 18 08 00 F0 00 00 00
2B30: 88 18 08 00 F0 00 00 00 88 18 08 00 F0 00 00 00
2B40: 88 18 08 00 F0 00 00 00 88 18 08 00 F0 00 00 00
2B50: 88 18 08 00 F0 00 00 00 88 18 08 00 F0 00 00 00
2B60: 88 18 08 00 F0 00 00 00 88 18 08 00 F0 00 00 00
2B70: 88 18 08 00 F0 00 00 00 88 18 08 00 F0 00 00 00
2B80: 88 18 08 00 F0 00 00 00 88 18 08 00 F0 00 00 00
2B90: 88 18 08 00 F0 00 00 00 88 18 08 00 F0 00 00 00
2BA0: 88 18 08 00 F0 00 00 00 88 18 08 00 F0 00 00 00
2BB0: 88 18 08 00 F0 00 00 00 88 18 08 00 F0 00 00 00
2BC0: 88 18 08 00 F0 00 00 00 88 18 08 00 F0 00 00 00
2BD0: 88 18 08 00 F0 00 00 00 88 18 08 00 F0 00 00 00
2BE0: 88 18 08 00 F0 00 00 00 88 18 08 00 F0 00 00 00
2BF0: 88 18 08 00 F0 00 00 00 88 18 08 00 F0 00 00 00
2C00: 88 18 08 00 F0 00 00 00 88 18 08 00 F0 00 00 00
2C10: 88 18 08 00 F0 00 00 00 88 18 08 00 F0 00 00 00
2C20: 88 18 08 00 F0 00 00 00 88 18 08 00 F0 00 00 00
2C30: 88 18 08 00 F0 00 00 00 88 18 08 00 F0 00 00 00
2C40: 88 18 08 00 F0 00 00 00 88 18 08 00 F0 00 00 00
2C50: 88 18 08 00 F0 00 00 00 88 18 08 00 F0 00 00 00
2C60: 88 18 08 00 F0 00 00 00 88 18 08 00 F0 00 00 00
2C70: 88 18 08 00 F0 00 00 00 88 18 08 00 F0 00 00 00
2C80: 88 18 08 00 F0 00 00 00 88 18 08 00 F0 00 00 00
2C90: 88 18 08 00 F0 00 00 00 88 18 08 00 F0 00 00 00
2CA0: 88 18 08 00 F0 00 00 00 88 18 08 00 F0 00 00 00
2CB0: 88 18 08 00 F0 00 00 00 88 18 08 00 F0 00 00 00
2CC0: 88 18 08 00 F0 00 00 00 88 18 08 00 F0 00 00 00
2CD0: 88 18 08 00 F0 00 00 00 88 18 08 00 F0 00 00 00
2CE0: 88 18 08 00 F0 00 00 00 88 18 08 00 F0 00 00 00
2CF0: 88 18 08 00 F0 00 00 00 88 18 08 00 F0 00 00 00
2D00: 88 18 08 00 F0 00 00 00 88 18 08 00 F0 00 00 00
2D10: 88 18 08 00 F0 00 00 00 88 18 08 00 F0 00 00 00
2D20: 88 18 08 00 F0 00 00 00 88 18 08 00 F0 00 00 00
2D30: 88 18 08 00 F0 00 00 00 88 18 08 00 F0 00 00 00
2D40: 88 18 08 00 F0 00 00 00 88 18 08 00 F0 00 00 00
2D50: 88 18 08 00 F0 00 00 00 88 18 08 00 F0 00 00 00
2D60: 88 18 08 00 F0 00 00 00 88 18 08 00 F0 00 00 00
2D70: 88 18 08 00 F0 00 00 00 88 18 08 00 F0 00 00 00
2D80: 88 18 08 00 F0 00 00 00 88 18 08 00 F0 00 00 00
2D90: 88 18 08 00 F0 00 00 00 88 18 08 00 F0 00 00 00
2DA0: 88 18 08 00 F0 00 00 00 88 18 08 00 F0 00 00 00
2DB0: 88 18 08 00 F0 00 00 00 88 18 08 00 F0 00 00 00
2DC0: 88 18 08 00 F0 00 00 00 88 18 08 00 F0 00 00 00
2DD0: 88 18 08 00 F0 00 00 00 88 18 08 00 F0 00 00 00
2DE0: 88 18 08 00 F0 00 00 00 88 18 08 00 F0 00 00 00
2DF0: 88 18 08 00 F0 00 00 00 88 18 08 00 F0 00 00 00
2E00: 88 18 08 00 F0 00 00 00 88 18 08 00 F0 00 00 00
2E10: 88 18 08 00 F0 00 00 00 88 18 08 00 F0 00 00 00
2E20: 88 18 08 00 F0 00 00 00 88 18 08 00 F0 00 00 00
2E30: 88 18 08 00 F0 00 00 00 88 18 08 00 F0 00 00 00
2E40: 88 18 08 00 F0 00 00 00 88 18 08 00 F0 00 00 00
2E50: 88 18 08 00 F0 00 00 00 88 18 08 00 F0 00 00 00
2E60: 88 18 08 00 F0 00 00 00 88 18 08 00 F0 00 00 00
2E70: 88 18 08 00 F0 00 00 00 88 18 08 00 F0 00 00 00
2E80: 88 18 08 00 F0 00 00 00 88 18 08 00 F0 00 00 00
2E90: 88 18 08 00 F0 00 00 00 88 18 08 00 F0 00 00 00
2EA0: 88 18 08 00 F0 00 00 00 88 18 08 00 F0 00 00 00
2EB0: 88 18 08 00 F0 00 00 00 88 18 08 00 F0 00 00 00
2EC0: 88 18 08 00 F0 00 00 00 88 18 08 00 F0 00 00 00
2ED0: 88 18 08 00 F0 00 00 00 88 18 08 00 F0 00 00 00
2EE0: 88 18 08 00 F0 00 00 00 88 18 08 00 F0 00 00 00
2EF0: 88 18 08 00 F0 00 00 00 88 18 08 00 F0 00 00 00
2F00: 88 18 08 00 F0 00 00 00 88 18 08 00 F0 00 00 00
2F10: 88 18 08 00 F0 00 00 00 88 18 08 00 F0 00 00 00
2F20: 88 18 08 00 F0 00 00 00 88 18 08 00 F0 00 00 00
2F30: 88 18 08 00 F0 00 00 00 88 18 08 00 F0 00 00 00
2F40: 88 18 08 00 F0 00 00 00 88 18 08 00 F0 00 00 00
2F50: 88 18 08 00 F0 00 00 00 88 18 08 00 F0 00 00 00
2F60: 88 18 08 00 F0 00 00 00 88 18 08 00 F0 00 00 00
2F70: 88 18 08 00 F0 00 00 00 88 18 08 00 F0 00 00 00
2F80: 88 18 08 00 F0 00 00 00 88 18 08 00 F0 00 00 00
2F90: 88 18 08 00 F0 00 00 00 88 18 08 00 F0 00 00 00
2FA0: 88 18 08 00 F0 00 00 00 88 18 08 00 F0 00 00 00
2FB0: 88 18 08 00 F0 00 00 00 88 18 08 00 F0 00 00 00
2FC0: 88 18 08 00 F0 00 00 00 88 18 08 00 F0 00 00 00
2FD0: 88 18 08 00 F0 00 00 00 88 18 08 00 F0 00 00 00
2FE0: 88 18 08 00 F0 00 00 00 88 18 08 00 F0 00 00 00
2FF0: 88 18 08 00 F0 00 00 00 88 18 08 00 F0 00 00 00
