0000: 00 00 00 00 11 00 00 00 00 00 00 00 00 00 00 00
0010: D0 DD 01 EC 00 00 00 00 00 00 E0 00 DC 00 00 EC
0020: D0 06 04 FF 00 00 00 01 02 83 AB 88 47 90 00 00
0030: 79 D4 00 00 00 00 00 00 00 00 00 00 00 00 00 00
0040: 00 00 00 0F 00 00 00 00 04 80 00 00 00 00 00 00
0050: 00 00 00 00 00 00 00 00 00 00 00 00 00 00 00 00
0060: 00 00 00 00 00 00 00 00 00 02 00 00 00 00 00 00
0070: 00 00 00 00 00 00 00 00 00 00 00 00 00 00 00 00
0080: 00 00 00 00 E0 00 00 10 00 00 2D 00 00 00 00 00
0090: 00 00 00 00 00 00 00 00 00 00 00 00 00 00 00 E0
00A0: 00 00 00 00 00 00 00 00 00 00 00 00 00 00 00 00
00B0: 00 00 00 00 00 00 00 00 00 00 00 00 00 00 00 00
00C0: 00 00 00 00 00 00 00 00 00 00 00 00 28 00 00 00
00D0: 00 00 00 00 02 00 00 00 00 00 00 00 00 00 00 00
00E0: 00 00 00 00 00 00 00 90 00 00 00 00 00 00 00 00
00F0: FF 00 00 00 00 00 00 18 8C 00 00 07 0D FF FF 00
0100: C0 50 00 00 FF FF FF 00 00 00 00 01 FF FF FF FF
0110: 00 00 00 00 FF FF FF FF 00 00 00 00 FF FF FF FF
0120: 00 00 00 00 FF FF FF FF 00 00 00 00 FF FF FF FF
0130: 00 00 00 00 FF FF FF FF 00 00 00 00 FF FF FF FF
0140: 00 00 00 00 FF FF FF FF 00 00 00 00 FF FF FF FF
0150: 00 00 00 00 FF FF FF FF 00 00 00 00 FF FF FF FF
0160: 00 00 DE 00 F6 00 DC 00 E0 4E ED 06 07 0D FF FF
0170: 00 22 AF 80 00 0F 00 00 00 00 14 3F 3E 3D 3C 0F
0180: 00 00 00 00 00 00 00 00 00 00 00 00 00 00 00 00
0190: 00 00 00 00 00 00 00 2D 00 00 00 00 00 00 00 00
01A0: 00 00 00 00 00 00 00 00 00 00 00 00 00 00 00 00
01B0: 00 00 00 00 00 00 00 00 00 00 00 00 00 00 00 00
01C0: 00 10 00 00 00 00 00 00 00 00 00 00 00 00 00 00
01D0: 00 00 00 00 00 00 00 00 00 00 00 00 00 00 00 00
01E0: 00 00 00 00 00 00 00 00 00 00 00 00 00 00 00 00
01F0: 00 00 00 00 00 00 62 C3 04 77 BE 7D C3 06 F9 EE
0200: F0 FE 02 68 F0 00 00 00 F0 00 00 00 F0 00 00 00
0210: F0 00 00 00 F0 00 00 00 F0 00 00 00 F0 00 00 00
0220: F0 00 00 00 F0 00 00 00 F0 00 00 00 F0 00 00 00
0230: F0 00 00 00 F0 00 00 00 F0 00 00 00 F0 00 00 00
0240: F0 00 00 00 F0 00 00 00 F0 00 00 00 F0 00 00 00
0250: F0 00 00 00 F0 00 00 00 F0 00 00 00 F0 00 00 00
0260: F0 00 00 00 F0 00 00 00 F0 00 00 00 F0 00 00 00
0270: F0 00 00 00 F0 00 00 00 F0 00 00 00 F0 00 00 00
0280: F0 00 00 00 F0 00 00 00 F0 00 00 00 F0 00 00 00
0290: F0 00 00 00 F0 00 00 00 F0 00 00 00 F0 00 00 00
02A0: F0 00 00 00 F0 00 00 00 F0 00 00 00 F0 00 00 00
02B0: F0 00 00 00 F0 00 00 00 F0 00 00 00 D0 DD 01 EC
02C0: D0 DC 01 E4 D8 77 01 DC D8 76 01 D4 D8 75 01 CC
02D0: D8 6F 01 EC D8 6E 01 E4 D0 74 01 DC D0 73 01 D4
02E0: D0 72 01 CC C6 2D 00 E4 C8 09 00 DC C8 0D 00 D4
02F0: BE 1D 00 E4 C1 0C 00 DC C0 18 00 D4 B9 08 00 DC
0300: 00 00 00 00 00 00 00 00 00 00 00 00 00 00 00 00
0310: 00 00 00 00 00 00 00 00 00 00 00 00 00 00 00 00
0320: 00 00 00 00 00 00 00 00 00 00 00 00 00 00 00 00
0330: 00 00 00 00 00 00 00 00 00 00 00 00 00 00 00 00
0340: 00 00 00 00 00 00 00 00 00 00 00 00 00 00 00 00
0350: 00 00 00 00 00 00 00 00 00 00 00 00 00 00 00 00
0360: 00 00 00 00 00 00 00 00 00 00 00 00 00 00 00 00
0370: 00 00 00 00 00 00 00 00 00 00 00 00 00 00 00 00
0380: 00 00 00 00 00 00 00 00 00 00 00 00 00 00 00 00
0390: 00 00 00 00 00 00 00 00 00 00 00 00 00 00 00 00
03A0: 00 00 00 00 00 00 00 00 00 00 00 00 00 00 00 00
03B0: 00 00 00 00 00 00 00 00 00 00 00 00 00 00 00 00
03C0: 00 00 00 00 00 00 00 00 00 00 00 00 00 00 00 00
03D0: 00 00 00 00 00 00 00 00 00 00 00 00 00 00 00 00
03E0: 00 00 00 00 00 00 00 00 00 00 00 00 00 00 00 00
03F0: 00 00 00 00 00 00 00 00 00 00 00 00 00 00 00 00
0400: 00 00 00 00 00 00 00 00 00 00 00 00 00 00 00 00
0410: 00 00 00 00 00 00 00 00 00 00 00 00 00 00 00 00
0420: 00 00 00 00 00 00 00 00 00 00 00 00 00 00 00 00
0430: 00 00 00 00 00 00 00 00 00 00 00 00 00 00 00 00
0440: 00 00 00 00 00 00 00 00 00 00 00 00 00 00 00 00
0450: 00 00 00 00 00 00 00 00 00 00 00 00 00 00 00 00
0460: 00 00 00 00 00 00 00 00 00 00 00 00 00 00 00 00
0470: 00 00 00 00 00 00 00 00 00 00 00 00 00 00 00 00
0480: 00 00 00 00 00 00 00 00 00 00 00 00 00 00 00 00
0490: 00 00 00 00 00 00 00 00 00 00 00 00 00 00 00 00
04A0: 00 00 00 00 00 00 00 00 00 00 00 00 00 00 00 00
04B0: 00 00 00 00 00 00 00 00 00 00 00 00 00 00 00 00
04C0: 00 00 00 00 00 00 00 00 00 00 00 00 00 00 00 00
04D0: 00 00 00 00 00 00 00 00 00 00 00 00 00 00 00 00
04E0: 00 00 00 00 00 00 00 00 00 00 00 00 00 00 00 00
04F0: 00 00 13 FF FF 00 00 00 00 00 30 3D 3E 3F 00 00
0500: 00 00 3C 3E 00 00 01 00 B8 00 00 00 00 00 00 00
0510: 00 00 00 00 00 00 00 00 00 00 00 00 00 00 00 00
0520: 00 00 00 00 00 60 01 00 00 00 00 00 00 00 00 00
0530: 00 00 00 00 00 00 00 00 00 00 00 00 00 00 00 00
0540: 00 00 00 00 00 00 00 00 00 00 00 00 00 00 00 00
0550: 00 00 00 00 00 00 00 00 00 00 00 00 00 00 00 00
0560: 00 00 00 00 00 00 00 00 00 00 00 00 00 00 00 00
0570: 00 00 00 00 00 00 00 00 00 00 00 00 00 00 00 00
0580: 00 00 00 00 00 00 00 00 00 00 00 01 00 00 00 00
0590: 00 00 00 00 00 00 00 00 00 00 00 00 00 00 00 00
05A0: 00 00 00 00 00 00 00 00 00 00 00 00 00 00 00 00
05B0: 00 00 00 00 00 00 00 00 04 05 06 01 02 03 00 00
05C0: 00 00 00 00 00 00 00 00 00 00 00 00 00 00 00 00
05D0: FF 00 00 00 00 00 00 00 00 00 00 00 00 00 00 00
05E0: 00 00 00 00 00 00 00 00 00 00 00 00 00 00 00 00
05F0: 00 00 00 00 00 00 00 00 00 00 00 00 00 00 00 00
0600: 00 00 00 00 00 00 00 00 00 00 00 00 00 00 00 00
0610: 00 00 00 00 00 00 00 00 00 00 00 00 00 00 00 00
0620: 00 00 00 00 00 00 00 00 00 00 00 00 00 00 00 00
0630: 00 00 00 00 00 00 00 00 00 00 00 00 00 00 00 00
0640: 00 00 00 00 00 00 00 00 00 00 00 00 00 00 00 00
0650: 00 00 00 00 00 00 00 00 00 00 00 00 00 00 00 00
0660: 00 00 00 00 00 00 00 00 00 00 00 00 00 00 00 00
0670: 00 00 00 00 00 00 00 00 00 00 00 00 00 00 00 00
0680: 00 00 00 00 00 00 00 00 00 00 00 00 00 00 00 00
0690: 00 00 00 00 00 00 00 00 FF 00 00 00 00 00 00 00
06A0: 00 00 00 00 00 00 00 00 00 00 00 00 00 00 00 00
06B0: 00 00 00 00 00 00 00 00 00 00 00 00 00 00 00 00
06C0: 00 00 00 00 00 00 00 00 00 00 00 00 00 00 00 00
06D0: 00 00 00 00 00 00 00 00 00 00 00 00 00 00 00 00
06E0: 00 00 00 00 00 00 00 00 00 00 00 00 00 00 00 00
06F0: 00 00 00 00 00 00 00 00 00 00 00 00 00 00 00 00
0700: 80 FF 00 00 00 00 04 00 00 00 00 00 00 00 00 00
0710: 00 00 80 80 80 80 00 00 00 00 00 00 00 00 00 00
0720: 00 00 00 00 00 00 00 00 00 00 00 00 00 00 00 00
0730: 00 00 00 00 00 00 00 00 00 00 00 00 00 00 00 00
0740: 00 00 00 00 00 00 00 00 00 00 00 00 00 00 00 00
0750: 00 00 00 00 00 00 00 00 00 00 00 00 00 00 00 00
0760: 00 00 00 00 00 00 00 00 00 00 00 00 00 00 00 00
0770: 00 00 00 00 00 00 00 00 00 00 00 00 00 00 00 00
0780: 00 00 00 00 00 00 00 00 00 00 00 00 00 00 00 00
0790: 00 00 00 00 00 00 00 00 00 00 00 00 00 00 00 00
07A0: 00 00 00 00 00 00 00 00 00 00 00 00 00 00 00 00
07B0: 00 00 00 00 00 00 00 00 00 00 00 00 00 00 00 00
07C0: 00 00 00 00 00 00 00 00 00 00 00 00 00 00 00 00
07D0: 00 00 00 00 00 00 00 00 00 00 00 00 00 00 00 00
07E0: 00 00 00 8D 00 40 60 00 00 00 00 00 00 00 00 00
07F0: 00 00 00 00 00 00 00 00 00 00 00 00 00 00 00 00
