2000: 00 00 00 00 00 00 00 00 00 00 00 00 00 00 00 00
2010: 00 00 00 00 00 00 00 00 00 00 00 00 00 00 00 00
2020: 00 00 00 00 00 00 00 00 00 00 00 00 00 00 00 00
2030: 00 00 00 00 00 00 00 00 00 00 00 00 00 00 00 00
2040: 00 00 00 00 00 00 00 00 00 00 00 00 00 00 00 00
2050: 00 00 00 00 00 00 00 00 00 00 00 00 00 00 00 00
2060: 00 00 00 00 00 00 00 00 00 00 00 00 00 00 00 00
2070: 00 00 00 00 00 00 00 00 00 00 00 00 00 00 00 00
2080: 00 00 00 00 00 00 00 00 00 00 00 00 00 00 00 00
2090: 00 00 00 00 00 00 00 00 00 00 00 00 00 00 00 00
20A0: 00 00 00 00 00 00 00 00 00 00 00 00 00 00 00 00
20B0: 00 00 00 00 00 00 00 00 00 00 00 00 00 00 00 00
20C0: 00 00 00 00 00 00 00 00 00 00 00 00 00 00 00 00
20D0: 00 00 00 00 00 00 00 00 00 00 00 00 00 00 00 00
20E0: 00 00 00 00 00 00 00 00 00 00 00 00 00 00 00 00
20F0: 00 00 00 00 00 00 00 00 00 00 00 00 00 00 00 00
2100: 00 00 00 00 00 00 00 00 00 00 00 00 00 00 00 00
2110: 00 00 00 00 00 00 00 00 00 00 00 00 00 00 00 00
2120: 00 00 00 00 00 00 00 00 00 00 00 00 00 00 00 00
2130: 00 00 00 00 00 00 00 00 00 00 00 00 00 00 00 00
2140: 00 00 00 00 00 00 00 00 00 00 00 00 00 00 00 00
2150: 00 00 00 00 00 00 00 00 00 00 00 00 00 00 00 00
2160: 00 00 00 00 00 00 00 00 00 00 00 00 00 00 00 00
2170: 00 00 00 00 00 00 00 00 00 00 00 00 00 00 00 00
2180: 00 00 00 00 00 00 00 00 00 00 00 00 00 00 00 00
2190: 00 00 00 00 00 00 00 00 00 00 00 00 00 00 00 00
21A0: 00 00 00 00 00 00 00 00 00 00 00 00 00 00 00 00
21B0: 00 00 00 00 00 00 00 00 00 00 00 00 00 00 00 00
21C0: 00 00 00 00 00 00 00 00 00 00 00 00 00 00 00 00
21D0: 00 00 00 00 00 00 00 00 00 00 00 00 00 00 00 00
21E0: 00 00 00 00 00 00 00 00 00 00 00 00 00 00 00 00
21F0: 00 00 00 00 00 00 00 00 00 00 00 00 00 00 00 00
2200: 00 00 00 00 00 00 00 00 00 00 00 00 00 00 00 00
2210: 00 00 00 00 00 00 00 00 00 00 00 00 00 00 00 00
2220: 00 00 00 00 00 00 00 00 00 00 00 00 00 00 00 00
2230: 00 00 00 00 00 00 00 00 00 00 00 00 00 00 00 00
2240: 00 00 00 00 00 00 00 00 00 00 00 00 00 00 00 00
2250: 00 00 00 00 00 00 00 00 00 00 00 00 00 00 00 00
2260: 00 00 00 00 00 00 00 00 00 00 00 00 00 00 00 00
2270: 00 00 00 00 00 00 00 00 00 00 00 00 00 00 00 00
2280: 00 00 00 00 00 00 00 00 00 00 00 00 00 00 00 00
2290: 00 00 00 00 00 00 00 00 00 00 00 00 00 00 00 00
22A0: 00 00 00 00 00 00 00 00 00 00 00 00 00 00 00 00
22B0: 00 00 00 00 00 00 00 00 00 00 00 00 00 00 00 00
22C0: 00 00 00 00 00 00 00 00 00 00 00 00 00 00 00 00
22D0: 00 00 00 00 00 00 00 00 00 00 00 00 00 00 00 00
22E0: 00 00 00 00 00 00 00 00 00 00 00 00 00 00 00 00
22F0: 00 00 00 00 00 00 00 00 00 00 00 00 00 00 00 00
2300: 00 00 00 00 00 00 00 00 00 00 00 00 00 00 00 00
2310: 00 00 00 00 00 00 00 00 00 00 00 00 00 00 00 00
2320: 00 00 00 00 00 00 00 00 00 00 00 00 00 00 00 00
2330: 00 00 00 00 00 00 00 00 00 00 00 00 00 00 00 00
2340: 00 00 00 00 00 00 00 00 00 00 00 00 00 00 00 00
2350: 00 00 00 00 00 00 00 00 00 00 00 00 00 00 00 00
2360: 00 00 00 00 00 00 00 00 00 00 00 00 00 00 00 00
2370: 00 00 00 00 00 00 00 00 00 00 00 00 00 00 00 00
2380: 00 00 00 00 00 00 00 00 00 00 00 00 00 00 00 00
2390: 00 00 00 00 00 00 00 00 00 00 00 00 00 00 00 00
23A0: 00 00 00 00 00 00 00 00 00 00 00 00 00 00 00 00
23B0: 00 00 00 00 00 00 00 00 00 00 00 00 00 00 00 00
23C0: 00 00 00 00 00 00 00 00 00 00 00 00 00 00 00 00
23D0: 00 00 00 00 00 00 00 00 00 00 00 00 00 00 00 00
23E0: 00 00 00 00 00 00 00 00 00 00 00 00 00 00 00 00
23F0: 00 00 00 00 00 00 00 00 00 00 00 00 00 00 00 00
2400: 00 00 00 00 00 00 00 00 00 00 00 00 00 00 00 00
2410: 00 00 00 00 00 00 00 00 00 00 00 00 00 00 00 00
2420: 00 00 00 00 00 00 00 00 00 00 00 00 00 00 00 00
2430: 00 00 00 00 00 00 00 00 00 00 00 00 00 00 00 00
2440: 00 00 00 00 00 00 00 00 00 00 00 00 00 00 00 00
2450: 00 00 00 00 00 00 00 00 00 00 00 00 00 00 00 00
2460: 00 00 00 00 00 00 00 00 00 00 00 00 00 00 00 00
2470: 00 00 00 00 00 00 00 00 00 00 00 00 00 00 00 00
2480: 00 00 00 00 00 00 00 00 00 00 00 00 00 00 00 00
2490: 00 00 00 00 00 00 00 00 00 00 00 00 00 00 00 00
24A0: 00 00 00 00 00 00 00 00 00 00 00 00 00 00 00 00
24B0: 00 00 00 00 00 00 00 00 00 00 00 00 00 00 00 00
24C0: 00 00 00 00 00 00 00 00 00 00 00 00 00 00 00 00
24D0: 00 00 00 00 00 00 00 00 00 00 00 00 00 00 00 00
24E0: 00 00 00 00 00 00 00 00 00 00 00 00 00 00 00 00
24F0: 00 00 00 00 00 00 00 00 00 00 00 00 00 00 00 00
2500: 00 00 00 00 00 00 00 00 00 00 00 00 00 00 00 00
2510: 00 00 00 00 00 00 00 00 00 00 00 00 00 00 00 00
2520: 00 00 00 00 00 00 00 00 00 00 00 00 00 00 00 00
2530: 00 00 00 00 00 00 00 00 00 00 00 00 00 00 00 00
2540: 00 00 00 00 00 00 00 00 00 00 00 00 00 00 00 00
2550: 00 00 00 00 00 00 00 00 00 00 00 00 00 00 00 00
2560: 00 00 00 00 00 00 00 00 00 00 00 00 00 00 00 00
2570: 00 00 00 00 00 00 00 00 00 00 00 00 00 00 00 00
2580: 00 00 00 00 00 00 00 00 00 00 00 00 00 00 00 00
2590: 00 00 00 00 00 00 00 00 00 00 00 00 00 00 00 00
25A0: 00 00 00 00 00 00 00 00 00 00 00 00 00 00 00 00
25B0: 00 00 00 00 00 00 00 00 00 00 00 00 00 00 00 00
25C0: 00 00 00 00 00 00 00 00 00 00 00 00 00 00 00 00
25D0: 00 00 00 00 00 00 00 00 00 00 00 00 00 00 00 00
25E0: 00 00 00 00 00 00 00 00 00 00 00 00 00 00 00 00
25F0: 00 00 00 00 00 00 00 00 00 00 00 00 00 00 00 00
2600: 00 00 00 00 00 00 00 00 00 00 00 00 00 00 00 00
2610: 00 00 00 00 00 00 00 00 00 00 00 00 00 00 00 00
2620: 00 00 00 00 00 00 00 00 00 00 00 00 00 00 00 00
2630: 00 00 00 00 00 00 00 00 00 00 00 00 00 00 00 00
2640: 00 00 00 00 00 00 00 00 00 00 00 00 00 00 00 00
2650: 00 00 00 00 00 00 00 00 00 00 00 00 00 00 00 00
2660: 00 00 00 00 00 00 00 00 00 00 00 00 00 00 00 00
2670: 00 00 00 00 00 00 00 00 00 00 00 00 00 00 00 00
2680: 00 00 00 00 00 00 00 00 00 00 00 00 00 00 00 00
2690: 00 00 00 00 00 00 00 00 00 00 00 00 00 00 00 00
26A0: 00 00 00 00 00 00 00 00 00 00 00 00 00 00 00 00
26B0: 00 00 00 00 00 00 00 00 00 00 00 00 00 00 00 00
26C0: 00 00 00 00 00 00 00 00 00 00 00 00 00 00 00 00
26D0: 00 00 00 00 00 00 00 00 00 00 00 00 00 00 00 00
26E0: 00 00 00 00 00 00 00 00 00 00 00 00 00 00 00 00
26F0: 00 00 00 00 00 00 00 00 00 00 00 00 00 00 00 00
2700: 00 00 00 00 00 00 00 00 00 00 00 00 00 00 00 00
2710: 00 00 00 00 00 00 00 00 00 00 00 00 00 00 00 00
2720: 00 00 00 00 00 00 00 00 00 00 00 00 00 00 00 00
2730: 00 00 00 00 00 00 00 00 00 00 00 00 00 00 00 00
2740: 00 00 00 00 00 00 00 00 00 00 00 00 00 00 00 00
2750: 00 00 00 00 00 00 00 00 00 00 00 00 00 00 00 00
2760: 00 00 00 00 00 00 00 00 00 00 00 00 00 00 00 00
2770: 00 00 00 00 00 00 00 00 00 00 00 00 00 00 00 00
2780: 00 00 00 00 00 00 00 00 00 00 00 00 00 00 00 00
2790: 00 00 00 00 00 00 00 00 00 00 00 00 00 00 00 00
27A0: 00 00 00 00 00 00 00 00 00 00 00 00 00 00 00 00
27B0: 00 00 00 00 00 00 00 00 00 00 00 00 00 00 00 00
27C0: 00 00 00 00 00 00 00 00 00 00 00 00 00 00 00 00
27D0: 00 00 00 00 00 00 00 00 00 00 00 00 00 00 00 00
27E0: 00 00 00 00 00 00 00 00 00 00 00 00 00 00 00 00
27F0: 00 00 00 00 00 00 00 00 00 00 00 00 00 00 00 00
2800: 00 00 00 00 00 00 00 00 00 00 00 00 00 00 00 00
2810: 00 00 00 00 00 00 00 00 00 00 00 00 00 00 00 00
2820: 00 00 00 00 00 00 00 00 00 00 00 00 00 00 00 00
2830: 00 00 00 00 00 00 00 00 00 00 00 00 00 00 00 00
2840: 00 00 00 00 00 00 00 00 00 00 00 00 00 00 00 00
2850: 00 00 00 00 00 00 00 00 00 00 00 00 00 00 00 00
2860: 00 00 00 00 00 00 00 00 00 00 00 00 00 00 00 00
2870: 00 00 00 00 00 00 00 00 00 00 00 00 00 00 00 00
2880: 00 00 00 00 00 00 00 00 00 00 00 00 00 00 00 00
2890: 00 00 00 00 00 00 00 00 00 00 00 00 00 00 00 00
28A0: 00 00 00 00 00 00 00 00 00 00 00 00 00 00 00 00
28B0: 00 00 00 00 00 00 00 00 00 00 00 00 00 00 00 00
28C0: 00 00 00 00 00 00 00 00 00 00 00 00 00 00 00 00
28D0: 00 00 00 00 00 00 00 00 00 00 00 00 00 00 00 00
28E0: 00 00 00 00 00 00 00 00 00 00 00 00 00 00 00 00
28F0: 00 00 00 00 00 00 00 00 00 00 00 00 00 00 00 00
2900: 00 00 00 00 00 00 00 00 00 00 00 00 00 00 00 00
2910: 00 00 00 00 00 00 00 00 00 00 00 00 00 00 00 00
2920: 00 00 00 00 00 00 00 00 00 00 00 00 00 00 00 00
2930: 00 00 00 00 00 00 00 00 00 00 00 00 00 00 00 00
2940: 00 00 00 00 00 00 00 00 00 00 00 00 00 00 00 00
2950: 00 00 00 00 00 00 00 00 00 00 00 00 00 00 00 00
2960: 00 00 00 00 00 00 00 00 00 00 00 00 00 00 00 00
2970: 00 00 00 00 00 00 00 00 00 00 00 00 00 00 00 00
2980: 00 00 00 00 00 00 00 00 00 00 00 00 00 00 00 00
2990: 00 00 00 00 00 00 00 00 00 00 00 00 00 00 00 00
29A0: 00 00 00 00 00 00 00 00 00 00 00 00 00 00 00 00
29B0: 00 00 00 00 00 00 00 00 00 00 00 00 00 00 00 00
29C0: 00 00 00 00 00 00 00 00 00 00 00 00 00 00 00 00
29D0: 00 00 00 00 00 00 00 00 00 00 00 00 00 00 00 00
29E0: 00 00 00 00 00 00 00 00 00 00 00 00 00 00 00 00
29F0: 00 00 00 00 00 00 00 00 00 00 00 00 00 00 00 00
2A00: 00 00 00 00 00 00 00 00 00 00 00 00 00 00 00 00
2A10: 00 00 00 00 00 00 00 00 00 00 00 00 00 00 00 00
2A20: 00 00 00 00 00 00 00 00 00 00 00 00 00 00 00 00
2A30: 00 00 00 00 00 00 00 00 00 00 00 00 00 00 00 00
2A40: 00 00 00 00 00 00 00 00 00 00 00 00 00 00 00 00
2A50: 00 00 00 00 00 00 00 00 00 00 00 00 00 00 00 00
2A60: 00 00 00 00 00 00 00 00 00 00 00 00 00 00 00 00
2A70: 00 00 00 00 00 00 00 00 00 00 00 00 00 00 00 00
2A80: 00 00 00 00 00 00 00 00 00 00 00 00 00 00 00 00
2A90: 00 00 00 00 00 00 00 00 00 00 00 00 00 00 00 00
2AA0: 00 00 00 00 00 00 00 00 00 00 00 00 00 00 00 00
2AB0: 00 00 00 00 00 00 00 00 00 00 00 00 00 00 00 00
2AC0: 00 00 00 00 00 00 00 00 00 00 00 00 00 00 00 00
2AD0: 00 00 00 00 00 00 00 00 00 00 00 00 00 00 00 00
2AE0: 00 00 00 00 00 00 00 00 00 00 00 00 00 00 00 00
2AF0: 00 00 00 00 00 00 00 00 00 00 00 00 00 00 00 00
2B00: 00 00 00 00 00 00 00 00 00 00 00 00 00 00 00 00
2B10: 00 00 00 00 00 00 00 00 00 00 00 00 00 00 00 00
2B20: 00 00 00 00 00 00 00 00 00 00 00 00 00 00 00 00
2B30: 00 00 00 00 00 00 00 00 00 00 00 00 00 00 00 00
2B40: 00 00 00 00 00 00 00 00 00 00 00 00 00 00 00 00
2B50: 00 00 00 00 00 00 00 00 00 00 00 00 00 00 00 00
2B60: 00 00 00 00 00 00 00 00 00 00 00 00 00 00 00 00
2B70: 00 00 00 00 00 00 00 00 00 00 00 00 00 00 00 00
2B80: 00 00 00 00 00 00 00 00 00 00 00 00 00 00 00 00
2B90: 00 00 00 00 00 00 00 00 00 00 00 00 00 00 00 00
2BA0: 00 00 00 00 00 00 00 00 00 00 00 00 00 00 00 00
2BB0: 00 00 00 00 00 00 00 00 00 00 00 00 00 00 00 00
2BC0: 00 00 00 00 00 00 00 00 00 00 00 00 00 00 00 00
2BD0: 00 00 00 00 00 00 00 00 00 00 00 00 00 00 00 00
2BE0: 00 00 00 00 00 00 00 00 00 00 00 00 00 00 00 00
2BF0: 00 00 00 00 00 00 00 00 00 00 00 00 00 00 00 00
2C00: 00 00 00 00 00 00 00 00 00 00 00 00 00 00 00 00
2C10: 00 00 00 00 00 00 00 00 00 00 00 00 00 00 00 00
2C20: 00 00 00 00 00 00 00 00 00 00 00 00 00 00 00 00
2C30: 00 00 00 00 00 00 00 00 00 00 00 00 00 00 00 00
2C40: 00 00 00 00 00 00 00 00 00 00 00 00 00 00 00 00
2C50: 00 00 00 00 00 00 00 00 00 00 00 00 00 00 00 00
2C60: 00 00 00 00 00 00 00 00 00 00 00 00 00 00 00 00
2C70: 00 00 00 00 00 00 00 00 00 00 00 00 00 00 00 00
2C80: 00 00 00 00 00 00 00 00 00 00 00 00 00 00 00 00
2C90: 00 00 00 00 00 00 00 00 00 00 00 00 00 00 00 00
2CA0: 00 00 00 00 00 00 00 00 00 00 00 00 00 00 00 00
2CB0: 00 00 00 00 00 00 00 00 00 00 00 00 00 00 00 00
2CC0: 00 00 00 00 00 00 00 00 00 00 00 00 00 00 00 00
2CD0: 00 00 00 00 00 00 00 00 00 00 00 00 00 00 00 00
2CE0: 00 00 00 00 00 00 00 00 00 00 00 00 00 00 00 00
2CF0: 00 00 00 00 00 00 00 00 00 00 00 00 00 00 00 00
2D00: 00 00 00 00 00 00 00 00 00 00 00 00 00 00 00 00
2D10: 00 00 00 00 00 00 00 00 00 00 00 00 00 00 00 00
2D20: 00 00 00 00 00 00 00 00 00 00 00 00 00 00 00 00
2D30: 00 00 00 00 00 00 00 00 00 00 00 00 00 00 00 00
2D40: 00 00 00 00 00 00 00 00 00 00 00 00 00 00 00 00
2D50: 00 00 00 00 00 00 00 00 00 00 00 00 00 00 00 00
2D60: 00 00 00 00 00 00 00 00 00 00 00 00 00 00 00 00
2D70: 00 00 00 00 00 00 00 00 00 00 00 00 00 00 00 00
2D80: 00 00 00 00 00 00 00 00 00 00 00 00 00 00 00 00
2D90: 00 00 00 00 00 00 00 00 00 00 00 00 00 00 00 00
2DA0: 00 00 00 00 00 00 00 00 00 00 00 00 00 00 00 00
2DB0: 00 00 00 00 00 00 00 00 00 00 00 00 00 00 00 00
2DC0: 00 00 00 00 00 00 00 00 00 00 00 00 00 00 00 00
2DD0: 00 00 00 00 00 00 00 00 00 00 00 00 00 00 00 00
2DE0: 00 00 00 00 00 00 00 00 00 00 00 00 00 00 00 00
2DF0: 00 00 00 00 00 00 00 00 00 00 00 00 00 00 00 00
2E00: 00 00 00 00 00 00 00 00 00 00 00 00 00 00 00 00
2E10: 00 00 00 00 00 00 00 00 00 00 00 00 00 00 00 00
2E20: 00 00 00 00 00 00 00 00 00 00 00 00 00 00 00 00
2E30: 00 00 00 00 00 00 00 00 00 00 00 00 00 00 00 00
2E40: 00 00 00 00 00 00 00 00 00 00 00 00 00 00 00 00
2E50: 00 00 00 00 00 00 00 00 00 00 00 00 00 00 00 00
2E60: 00 00 00 00 00 00 00 00 00 00 00 00 00 00 00 00
2E70: 00 00 00 00 00 00 00 00 00 00 00 00 00 00 00 00
2E80: 00 00 00 00 00 00 00 00 00 00 00 00 00 00 00 00
2E90: 00 00 00 00 00 00 00 00 00 00 00 00 00 00 00 00
2EA0: 00 00 00 00 00 00 00 00 00 00 00 00 00 00 00 00
2EB0: 00 00 00 00 00 00 00 00 00 00 00 00 00 00 00 00
2EC0: 00 00 00 00 00 00 00 00 00 00 00 00 00 00 00 00
2ED0: 00 00 00 00 00 00 00 00 00 00 00 00 00 00 00 00
2EE0: 00 00 00 00 00 00 00 00 00 00 00 00 00 00 00 00
2EF0: 00 00 00 00 00 00 00 00 00 00 00 00 00 00 00 00
2F00: 00 00 00 00 00 00 00 00 00 00 00 00 00 00 00 00
2F10: 00 00 00 00 00 00 00 00 00 00 00 00 00 00 00 00
2F20: 00 00 00 00 00 00 00 00 00 00 00 00 00 00 00 00
2F30: 00 00 00 00 00 00 00 00 00 00 00 00 00 00 00 00
2F40: 00 00 00 00 00 00 00 00 00 00 00 00 00 00 00 00
2F50: 00 00 00 00 00 00 00 00 00 00 00 00 00 00 00 00
2F60: 00 00 00 00 00 00 00 00 00 00 00 00 00 00 00 00
2F70: 00 00 00 00 00 00 00 00 00 00 00 00 00 00 00 00
2F80: 00 00 00 00 00 00 00 00 00 00 00 00 00 00 00 00
2F90: 00 00 00 00 00 00 00 00 00 00 00 00 00 00 00 00
2FA0: 00 00 00 00 00 00 00 00 00 00 00 00 00 00 00 00
2FB0: 00 00 00 00 00 00 00 00 00 00 00 00 00 00 00 00
2FC0: 00 00 00 00 00 00 00 00 00 00 00 00 00 00 00 00
2FD0: 00 00 00 00 00 00 00 00 00 00 00 00 00 00 00 00
2FE0: 00 00 00 00 00 00 00 00 00 00 00 00 00 00 00 00
2FF0: 00 00 00 00 00 00 00 00 00 00 00 00 00 00 00 00
